conjunctival_epithelial_cell	eye_photoreceptor_cell	Muller_cell	retinal_blood_vessel_endothelial_cell	keratocyte	corneal_epithelial_cell	melanocyte
ENSG00000165272	55.93	0.360861759425494	0.473684210526316	0.318181818181818	0.391608391608392	11.6279069767442	0.406779661016949
ENSG00000171345	85.415	0.51705565529623	0.912280701754386	0.636363636363636	0.909090909090909	9.58139534883721	0.76271186440678
ENSG00000163191	150.907	1.55296229802513	2.84210526315789	6.40909090909091	15.006993006993	75.7906976744186	7.54237288135593
ENSG00000128422	40.057	0.359066427289048	0.736842105263158	0.727272727272727	0.48951048951049	7.58139534883721	0.813559322033898
ENSG00000117525	19.933	0.197486535008977	1.94736842105263	0.0454545454545455	1.77622377622378	2.04651162790698	0.813559322033898
ENSG00000111057	13.015	0.0987432675044883	0.192982456140351	0.272727272727273	0.664335664335664	7.83720930232558	0.186440677966102
ENSG00000006327	9.263	0.111310592459605	0.684210526315789	0.363636363636364	0.398601398601399	6.6046511627907	2.83050847457627
ENSG00000163993	17.159	0.131059245960503	0.245614035087719	0.272727272727273	2.55244755244755	3.2093023255814	0.254237288135593
ENSG00000255112	8.376	0.310592459605027	0.578947368421053	0.409090909090909	3.62237762237762	5.76744186046512	1.50847457627119
ENSG00000124145	5.697	0.44524236983842	0.368421052631579	0.136363636363636	0.342657342657343	5.81395348837209	0.627118644067797
ENSG00000165732	8.63	0.344703770197487	0.596491228070175	4.5	1.24475524475524	5.23255813953488	2.1864406779661
ENSG00000141543	6.825	0.529622980251346	0.701754385964912	0.681818181818182	1.35664335664336	6.13953488372093	2.11864406779661
ENSG00000187242	7.55	0.123877917414722	0.105263157894737	0.272727272727273	0.160839160839161	560.162790697674	0.152542372881356
ENSG00000148671	45.133	0.703770197486535	4.73684210526316	15.7272727272727	15.8041958041958	348.581395348837	0.847457627118644
ENSG00000186081	92.31	0.583482944344704	0.842105263157895	0.545454545454545	0.93006993006993	190.604651162791	0.864406779661017
ENSG00000184292	53.146	0.524236983842011	0.87719298245614	0.681818181818182	0.573426573426573	125.53488372093	0.525423728813559
ENSG00000112378	59.52	0.757630161579892	1.10526315789474	1.5	1.93706293706294	112.139534883721	0.525423728813559
ENSG00000189143	48.48	0.500897666068223	1	0.454545454545455	0.797202797202797	119.372093023256	0.661016949152542
ENSG00000120708	2.488	0.0287253141831239	0.0526315789473684	0.0909090909090909	0.734265734265734	59.4186046511628	0.186440677966102
ENSG00000108602	26.999	0.186714542190305	0.228070175438596	0.363636363636364	0.265734265734266	90.8139534883721	0.186440677966102
ENSG00000124466	19.232	0.179533213644524	0.280701754385965	0.181818181818182	0.237762237762238	65.3488372093023	0.169491525423729
ENSG00000186442	1.976	0.0233393177737881	0.105263157894737	0.0909090909090909	0.027972027972028	71.7441860465116	0.0847457627118644
ENSG00000120885	119.142	1.36983842010772	55.1228070175439	10.7272727272727	51.5944055944056	348.348837209302	2.5593220338983
ENSG00000164687	156.714	1.27827648114901	4.56140350877193	4.45454545454545	9.54545454545454	182.232558139535	2.35593220338983
ENSG00000181019	4.868	0.199281867145422	0.228070175438596	0.545454545454545	2.53846153846154	51.8372093023256	0.203389830508475
ENSG00000196154	143.555	1.19748653500898	2.33333333333333	1.13636363636364	14.4475524475524	305.604651162791	2
ENSG00000096696	26.083	0.529622980251346	0.614035087719298	0.681818181818182	0.503496503496504	52	0.11864406779661
ENSG00000163931	5.933	0.29802513464991	0.824561403508772	0.454545454545455	2.20979020979021	45.4651162790698	2
ENSG00000163347	18.863	0.120287253141831	0.175438596491228	0.181818181818182	0.111888111888112	54	0.0847457627118644
ENSG00000128383	23.112	0.168761220825853	0.263157894736842	0.363636363636364	0.13986013986014	65.2325581395349	0.101694915254237
ENSG00000134531	25.334	0.149012567324955	0.280701754385965	10.5	4.37762237762238	73.7674418604651	15.0677966101695
ENSG00000074800	19.782	1.26391382405745	10.5614035087719	3.18181818181818	5.02097902097902	87.6511627906977	2.47457627118644
ENSG00000092820	29.667	0.287253141831239	0.614035087719298	0.318181818181818	1.51748251748252	59	1.89830508474576
ENSG00000147676	4.493	0.052064631956912	0.087719298245614	0	0.0839160839160839	26.5348837209302	0.0508474576271186
ENSG00000136943	1.541	0.628366247755835	0.43859649122807	0.0454545454545455	0.027972027972028	32.4186046511628	0.0677966101694915
ENSG00000181649	52.9	0.47935368043088	0.842105263157895	0.681818181818182	1.32167832167832	59.8604651162791	1.33898305084746
ENSG00000114638	4.563	0.0412926391382406	0.0175438596491228	0.0454545454545455	0.377622377622378	19.953488372093	0.0169491525423729
ENSG00000131981	22.247	0.170556552962298	2.14035087719298	3.22727272727273	7.0979020979021	51.3953488372093	7.11864406779661
ENSG00000134760	2.658	0.0125673249551167	0.0175438596491228	0	0.00699300699300699	17	0
ENSG00000165092	5.003	0.0466786355475763	0.12280701754386	0.0909090909090909	0.762237762237762	24.0232558139535	1.69491525423729
ENSG00000197956	196.11	1.50628366247756	5.47368421052632	16.5	44.6783216783217	262.139534883721	11.7627118644068
ENSG00000167644	13.861	0.0933572710951526	0.087719298245614	0.0909090909090909	1.74125874125874	21.1860465116279	0.169491525423729
ENSG00000206075	9.976	0.0736086175942549	0.175438596491228	0.0454545454545455	0.0629370629370629	21.9302325581395	0.186440677966102
ENSG00000134755	11.351	0.0466786355475763	0.157894736842105	0.0909090909090909	0.0839160839160839	27.8372093023256	0.0338983050847458
ENSG00000163435	9.63	0.125673249551167	0.12280701754386	0.0454545454545455	0.20979020979021	19.1627906976744	0.0677966101694915
ENSG00000163331	2.816	0.278276481149013	11.7719298245614	0.181818181818182	0.356643356643357	23.2790697674419	0.101694915254237
ENSG00000182718	53.729	0.497307001795332	1.3859649122807	6.22727272727273	12.1678321678322	77.0697674418605	9.20338983050847
ENSG00000181885	9.432	0.105924596050269	0.245614035087719	0.181818181818182	0.181818181818182	20.3255813953488	0.203389830508475
ENSG00000137463	0.441	0.0807899461400359	4.33333333333333	0.0454545454545455	0.0909090909090909	24.2558139534884	0.0338983050847458
ENSG00000095713	0.817	0.00718132854578097	0.140350877192982	0.318181818181818	0.013986013986014	17.2558139534884	2.61016949152542
ENSG00000010278	23.546	0.170556552962298	2.50877192982456	3.04545454545455	4.41958041958042	38.4883720930233	1.83050847457627
ENSG00000177459	1.634	0.0269299820466786	0.263157894736842	0.0454545454545455	0.00699300699300699	15.093023255814	0.0169491525423729
ENSG00000115884	7.524	0.0628366247755835	0.140350877192982	0.181818181818182	0.181818181818182	18.2325581395349	0.0847457627118644
ENSG00000084207	58.187	6.18491921005386	10.9122807017544	2.59090909090909	10.8321678321678	104.837209302326	12.0169491525424
ENSG00000144136	5.924	0.398563734290844	0.543859649122807	2.04545454545455	0.629370629370629	32.2558139534884	0.440677966101695
ENSG00000136810	58.6	0.974865350089767	2.07017543859649	5.09090909090909	7	71.0697674418605	4.11864406779661
ENSG00000132002	37.446	0.955116696588869	2.43859649122807	7.13636363636364	7.72027972027972	65.9069767441861	11.6271186440678
ENSG00000181467	7.774	0.0754039497307002	0.175438596491228	0.227272727272727	0.307692307692308	26	1.42372881355932
ENSG00000167642	10.177	0.29443447037702	1.75438596491228	0.0454545454545455	3.62937062937063	18	0.338983050847458
ENSG00000130066	91.382	1.0951526032316	3.84210526315789	15.6363636363636	6.06993006993007	125.395348837209	23.5593220338983
ENSG00000137699	9.746	0.0771992818671454	0.157894736842105	0.136363636363636	0.0839160839160839	14.3720930232558	0.0508474576271186
ENSG00000106541	10.342	0.0736086175942549	0.087719298245614	0.136363636363636	0.0769230769230769	24.7209302325581	0.101694915254237
ENSG00000235162	0.984	0.0107719928186715	0.228070175438596	0	0.202797202797203	13.2790697674419	0.0338983050847458
ENSG00000119862	2.146	2.39317773788151	2.40350877192982	0.363636363636364	0.391608391608392	21.3023255813953	0.220338983050847
ENSG00000136688	2.893	0.0233393177737881	0.0350877192982456	0.0454545454545455	0.020979020979021	37.6511627906977	0.0169491525423729
ENSG00000172005	0.511	0.0215439856373429	0.280701754385965	0	0.00699300699300699	13.1627906976744	0.338983050847458
ENSG00000141682	16.465	0.100538599640934	0.192982456140351	0.545454545454545	0.13986013986014	23.0232558139535	0.186440677966102
ENSG00000115963	9.658	0.0448833034111311	0.245614035087719	0.454545454545455	3.55244755244755	25.1395348837209	2.03389830508475
ENSG00000013588	12.154	0.0897666068222621	0.140350877192982	0.363636363636364	2.31468531468531	23.6976744186047	4.8135593220339
ENSG00000147689	7.876	0.0377019748653501	0.12280701754386	0.181818181818182	0.0559440559440559	12.6744186046512	0.135593220338983
ENSG00000198363	5.897	1.72351885098743	3.94736842105263	1.77272727272727	3.11888111888112	18.6744186046512	0.915254237288136
ENSG00000125534	15.332	1.09335727109515	3.54385964912281	1.54545454545455	4.87412587412587	29.3255813953488	5.20338983050847
ENSG00000126432	14.351	1.70736086175943	4.28070175438596	0.863636363636364	3.47552447552448	29.6976744186047	3.32203389830508
ENSG00000117595	6.721	0.0718132854578097	0.12280701754386	0.136363636363636	0.034965034965035	12.6279069767442	0.0847457627118644
ENSG00000168255	7.421	0.0861759425493716	0.12280701754386	0.0454545454545455	0.0699300699300699	10.5813953488372	0.0847457627118644
ENSG00000109846	33.596	0.829443447037702	17.4736842105263	0.772727272727273	9.77622377622378	69.5116279069767	39.6440677966102
ENSG00000135378	6.491	0.0305206463195691	0.0526315789473684	0.272727272727273	0.0979020979020979	11.7906976744186	0.11864406779661
ENSG00000136826	7.568	0.0502692998204668	0.105263157894737	1.54545454545455	4.06293706293706	19.8372093023256	0.949152542372881
ENSG00000178363	5.067	0.0610412926391382	0.0701754385964912	0	0.0699300699300699	9.37209302325581	0.0169491525423729
ENSG00000162545	1.429	0.22262118491921	1.40350877192982	0.0454545454545455	1.28671328671329	14.5348837209302	0.372881355932203
ENSG00000165474	3.862	0.0377019748653501	0.0701754385964912	0.0454545454545455	0.454545454545455	9.55813953488372	1.01694915254237
ENSG00000150782	2.862	0.321364452423698	0.228070175438596	0	0.552447552447552	14.093023255814	0.0508474576271186
ENSG00000130600	1.786	0.0269299820466786	0.0526315789473684	0	1.22377622377622	14.7906976744186	0
ENSG00000134333	14.727	3.40754039497307	6.14035087719298	4.90909090909091	4.7972027972028	36.8837209302326	10.4067796610169
ENSG00000184009	91.532	5.04847396768402	14.7894736842105	13.5454545454545	22.2867132867133	123.232558139535	41.8474576271186
ENSG00000153113	15.275	0.195691202872531	0.614035087719298	2.72727272727273	2.88811188811189	28.1627906976744	4.94915254237288
ENSG00000099968	1.219	0.350089766606822	0.666666666666667	0.272727272727273	0.328671328671329	12.5116279069767	1.11864406779661
ENSG00000172818	2.285	0.0251346499102334	0.0526315789473684	0	0.00699300699300699	11.3953488372093	0.203389830508475
ENSG00000176597	4.223	0.116696588868941	0.087719298245614	0.363636363636364	0.13986013986014	14.7441860465116	0.152542372881356
ENSG00000243147	3.693	1.20287253141831	3	1.68181818181818	1.99300699300699	19.9302325581395	2.49152542372881
ENSG00000215845	4.565	0.506283662477558	1.12280701754386	0.136363636363636	0.384615384615385	10.3023255813953	0.152542372881356
ENSG00000114541	2.043	1.01077199281867	0.578947368421053	0.5	0.468531468531469	13.6279069767442	0.186440677966102
ENSG00000188112	2.72	0.0359066427289048	0	0.0454545454545455	0.041958041958042	7.86046511627907	0.0169491525423729
ENSG00000123159	2.001	0.249551166965889	0.578947368421053	0.181818181818182	0.447552447552448	8.25581395348837	0.288135593220339
ENSG00000121742	0.496	0.00718132854578097	0	0	0.587412587412587	9.88372093023256	2.42372881355932
ENSG00000173801	6.418	0.066427289048474	0.228070175438596	0.0454545454545455	0.335664335664336	8.76744186046512	0.0847457627118644
ENSG00000150991	67.7	13.8276481149013	21.8771929824561	12.3181818181818	25.4755244755245	141.441860465116	26.4067796610169
ENSG00000182795	5.553	0.0448833034111311	0.12280701754386	0.0909090909090909	0.034965034965035	11.7209302325581	0.0847457627118644
ENSG00000272398	1.833	0.00718132854578097	0.0526315789473684	0.0909090909090909	0.454545454545455	12.6744186046512	0.0169491525423729
ENSG00000165997	3.192	0.156193895870736	0.350877192982456	0.545454545454545	0.48951048951049	11.8837209302326	0.508474576271186
ENSG00000139687	0.571	0.202872531418312	0.350877192982456	0.681818181818182	0.377622377622378	7.7906976744186	1.49152542372881
ENSG00000141579	2.101	0.0143626570915619	0	0	0.027972027972028	7.88372093023256	0.0338983050847458
ENSG00000175984	4.421	0.107719928186715	0.140350877192982	0.0454545454545455	0.0699300699300699	8.04651162790698	0.0677966101694915
ENSG00000173334	4.658	0.0377019748653501	0.140350877192982	1.09090909090909	1.39160839160839	12.8139534883721	0.898305084745763
ENSG00000136156	35.565	1.33034111310592	11.7368421052632	13.0454545454545	18.034965034965	56.8837209302326	8.06779661016949
ENSG00000132698	3.888	0.0341113105924596	0.0175438596491228	0.0454545454545455	0.020979020979021	6.37209302325581	0.0338983050847458
ENSG00000093010	5.333	0.572710951526032	1.43859649122807	0.363636363636364	1.96503496503496	11.4651162790698	5.69491525423729
ENSG00000155368	10.799	0.657091561938959	5.2280701754386	0.727272727272727	2.44055944055944	17.2790697674419	3.8135593220339
ENSG00000110092	2.695	0.0394973070017953	0.43859649122807	0.0909090909090909	0.699300699300699	8.04651162790698	0.508474576271186
ENSG00000105357	1.673	0.127468581687612	0.298245614035088	0	0.034965034965035	6.72093023255814	0.23728813559322
ENSG00000138166	9.72	0.129263913824057	0.245614035087719	0.818181818181818	0.510489510489511	16.2093023255814	0.694915254237288
ENSG00000137648	3.9	0.0215439856373429	0.0350877192982456	0	0.020979020979021	5.44186046511628	0.0677966101694915
ENSG00000164096	5.041	0.834829443447038	2.52631578947368	1.27272727272727	1.3986013986014	15.5116279069767	2.11864406779661
ENSG00000094975	1.138	0.639138240574506	1.10526315789474	0.590909090909091	0.496503496503497	7.11627906976744	0.457627118644068
ENSG00000086544	5.321	0.114901256732496	0.228070175438596	0.727272727272727	0.237762237762238	8.69767441860465	0.593220338983051
ENSG00000147883	3.045	0.100538599640934	0.0701754385964912	0.0454545454545455	0.167832167832168	6.88372093023256	0.0169491525423729
ENSG00000103089	0.189	0.00359066427289048	0	0	0	4.88372093023256	0
ENSG00000198729	1.198	0.00718132854578097	0.0175438596491228	0	0.041958041958042	5.13953488372093	0.0169491525423729
ENSG00000075624	71.879	1.72531418312388	10.6842105263158	12.4090909090909	27.958041958042	117.302325581395	24.0508474576271
ENSG00000133639	26.315	2.63734290843806	6.12280701754386	6.13636363636364	4.7972027972028	65.4186046511628	12.3728813559322
ENSG00000189433	2.926	0.0430879712746858	0.0526315789473684	0	0.048951048951049	6.65116279069767	0.0338983050847458
ENSG00000117472	4.37	0.0215439856373429	0.0350877192982456	0.0909090909090909	0.0769230769230769	6.27906976744186	0.0677966101694915
ENSG00000118680	14.177	1.24955116696589	2.71929824561404	2.81818181818182	5.9020979020979	21.6511627906977	4.06779661016949
ENSG00000142867	4.267	0.134649910233393	0.263157894736842	0.909090909090909	0.307692307692308	8.97674418604651	0.474576271186441
ENSG00000255398	1.335	0.00538599640933573	0	0	0.00699300699300699	6.51162790697674	0.0169491525423729
ENSG00000171867	8.295	0.978456014362657	1.26315789473684	4.09090909090909	1.88111888111888	16	1.40677966101695
ENSG00000213853	2.701	0.0161579892280072	0.105263157894737	1.63636363636364	1.84615384615385	6.25581395348837	0.186440677966102
ENSG00000174307	2.222	0.0269299820466786	0.508771929824561	0.0454545454545455	0.741258741258741	6.04651162790698	0.186440677966102
ENSG00000143217	1.526	0.0107719928186715	0	0	0.013986013986014	5.46511627906977	0.0508474576271186
ENSG00000175505	2.95	0.0251346499102334	0.0701754385964912	0.136363636363636	0.0769230769230769	8.16279069767442	0.0847457627118644
ENSG00000166483	2.438	0.0394973070017953	0.192982456140351	0.227272727272727	0.342657342657343	6.76744186046512	0.508474576271186
ENSG00000002587	3.005	0.0251346499102334	0.192982456140351	0	0.013986013986014	7.6046511627907	0.0508474576271186
ENSG00000160213	15.911	0.833034111310592	2.03508771929825	0.681818181818182	3.57342657342657	16.7906976744186	4.64406779661017
ENSG00000170089	1.754	0.100538599640934	0.192982456140351	0.136363636363636	0.13986013986014	4.58139534883721	0.0677966101694915
ENSG00000039068	1.998	0.0125673249551167	0.0175438596491228	0.0454545454545455	0.0559440559440559	5.81395348837209	0.983050847457627
ENSG00000130545	1.341	0.0161579892280072	0	0.0454545454545455	0.027972027972028	5.83720930232558	0.0338983050847458
ENSG00000105355	2.277	0.0359066427289048	0.245614035087719	0.227272727272727	0.818181818181818	5.86046511627907	0.423728813559322
ENSG00000057704	1.706	0.0143626570915619	0	0.227272727272727	0.125874125874126	9	0.0338983050847458
ENSG00000115128	4.94	1.08617594254937	2.07017543859649	0.909090909090909	1.76223776223776	9.16279069767442	1.93220338983051
ENSG00000111775	12.713	4.6786355475763	7.91228070175439	2.22727272727273	3.6993006993007	17.4418604651163	5.66101694915254
ENSG00000051620	5.463	0.529622980251346	1.17543859649123	0.818181818181818	1.57342657342657	7	1.3728813559322
ENSG00000165527	4.533	0.439856373429084	0.473684210526316	1.18181818181818	0.853146853146853	9.02325581395349	1.94915254237288
ENSG00000182165	2.343	0.120287253141831	0.508771929824561	0.318181818181818	0.244755244755245	4.16279069767442	0.271186440677966
ENSG00000132475	40.361	12.1508078994614	20.1754385964912	11.8636363636364	15.5664335664336	60.8837209302326	22.4915254237288
ENSG00000121931	3.057	0.529622980251346	0.543859649122807	1.04545454545455	0.34965034965035	7.86046511627907	1.01694915254237
ENSG00000115129	1.738	0.0251346499102334	0.105263157894737	0.227272727272727	0.433566433566434	3.93023255813953	0.169491525423729
ENSG00000120742	13.17	0.447037701974865	1.47368421052632	1.86363636363636	1.81818181818182	14.8837209302326	2.42372881355932
ENSG00000165637	5.141	2.05206463195691	3.26315789473684	0.727272727272727	1.8041958041958	8.81395348837209	2.76271186440678
ENSG00000133112	183.581	11.8743267504488	27.0350877192982	60.6818181818182	55.4335664335664	231.139534883721	59.2033898305085
ENSG00000100504	2.533	0.0646319569120287	1.08771929824561	0.136363636363636	0.251748251748252	4.44186046511628	1.35593220338983
ENSG00000099797	4.293	1.16337522441652	3.08771929824561	0.545454545454545	1.27972027972028	6.34883720930233	1.66101694915254
ENSG00000150593	6.35	2.93536804308797	2.2280701754386	0.863636363636364	1.39160839160839	8.2093023255814	1.91525423728814
ENSG00000196586	2.33	1.1113105924596	2.33333333333333	0.363636363636364	0.671328671328671	5.23255813953488	0.271186440677966
ENSG00000131174	8.434	2.46678635547576	4.28070175438596	0.954545454545455	2.29370629370629	11.8372093023256	4.64406779661017
ENSG00000005022	9.384	3.40035906642729	4.31578947368421	2.45454545454545	1.34965034965035	11.3953488372093	5.42372881355932
ENSG00000159788	2.84	0.104129263913824	0.385964912280702	0.272727272727273	0.195804195804196	5.51162790697674	0.389830508474576
ENSG00000136754	3.047	0.111310592459605	0.508771929824561	0.863636363636364	0.426573426573427	4.53488372093023	0.677966101694915
ENSG00000109787	2.508	0.269299820466786	0.666666666666667	0.5	0.727272727272727	5.58139534883721	0.457627118644068
ENSG00000166913	7.709	1.58707360861759	3.31578947368421	2.18181818181818	2.72727272727273	14.1860465116279	3.28813559322034
ENSG00000070831	7.318	0.983842010771993	2.07017543859649	2.77272727272727	2.23076923076923	10.9767441860465	2.79661016949153
ENSG00000143977	5.026	1.37881508078995	4.70175438596491	1.5	1.70629370629371	7.37209302325581	2.22033898305085
ENSG00000130724	3.642	1.15619389587074	2.36842105263158	0.409090909090909	1.54545454545455	6.2093023255814	2.32203389830508
ENSG00000119541	2.231	0.213644524236984	0.526315789473684	0.318181818181818	0.538461538461538	4.58139534883721	0.474576271186441
ENSG00000114978	2.088	0.181328545780969	0.491228070175439	1.13636363636364	0.776223776223776	5.04651162790698	1
ENSG00000108654	23.282	3.68222621184919	5.14035087719298	8.13636363636364	8.74125874125874	30.3953488372093	11.8813559322034
ENSG00000136888	8.163	2.45601436265709	5.07017543859649	1.86363636363636	2.76923076923077	11.093023255814	6.77966101694915
ENSG00000049759	3.304	0.0430879712746858	0.491228070175439	0.0454545454545455	0.314685314685315	4.72093023255814	2.08474576271186
ENSG00000086065	2.681	1.05385996409336	1.71929824561404	1	1.39160839160839	4.69767441860465	1.22033898305085
ENSG00000130561	1.902	80.7109515260323	63.5263157894737	0.590909090909091	0.797202797202797	4.09302325581395	0.677966101694915
ENSG00000163914	1.806	75.7486535008977	43.1052631578947	0.409090909090909	0.629370629370629	2.93023255813953	0.474576271186441
ENSG00000127928	1.14	45.0448833034111	33.3684210526316	0.5	0.48951048951049	1.58139534883721	0.593220338983051
ENSG00000109047	1.497	45.6427289048474	45.4912280701754	0.636363636363636	0.769230769230769	2.04651162790698	0.949152542372881
ENSG00000132915	0.491	31.7307001795332	14.5789473684211	0.0909090909090909	0.216783216783217	2.09302325581395	0.152542372881356
ENSG00000129221	0.669	34.7684021543986	32.2456140350877	0.181818181818182	0.27972027972028	0.813953488372093	0.406779661016949
ENSG00000149489	0.87	36.3070017953321	25.9298245614035	0.636363636363636	0.503496503496504	1.30232558139535	0.389830508474576
ENSG00000129535	1.151	37.4649910233393	33.9298245614035	0.272727272727273	0.454545454545455	1.72093023255814	0.406779661016949
ENSG00000185527	1.753	46.3375224416517	52.0350877192982	0.909090909090909	0.846153846153846	2.25581395348837	0.88135593220339
ENSG00000114349	0.732	27.4667863554758	22.280701754386	0.181818181818182	0.258741258741259	1.25581395348837	0.372881355932203
ENSG00000198515	0.241	15.8043087971275	9.07017543859649	0.136363636363636	0.034965034965035	1.41860465116279	0.0508474576271186
ENSG00000116703	0.263	16.4793536804309	13.5087719298246	0	0.132867132867133	0.581395348837209	0.11864406779661
ENSG00000104237	0.159	14.3034111310592	8.87719298245614	0.0909090909090909	0.0629370629370629	0.511627906976744	0.0169491525423729
ENSG00000048545	0.305	12.6804308797127	11.0877192982456	0.0909090909090909	0.153846153846154	0.395348837209302	0.152542372881356
ENSG00000109103	0.637	16.5906642728905	16.7017543859649	0.181818181818182	0.412587412587413	1.13953488372093	0.423728813559322
ENSG00000168263	0.165	10.4685816876122	8.7719298245614	0	0.0699300699300699	0.27906976744186	0.0508474576271186
ENSG00000132026	0.27	10.1059245960503	7.56140350877193	0.181818181818182	0.0769230769230769	0.186046511627907	0.101694915254237
ENSG00000070729	0.192	7.34829443447038	5.56140350877193	0	0.0629370629370629	0.395348837209302	0.11864406779661
ENSG00000078369	2.52	18.294434470377	13.0877192982456	1.54545454545455	1.69230769230769	3.11627906976744	1.55932203389831
ENSG00000278570	0.087	6.93716337522442	3.6140350877193	0	0.0909090909090909	0.488372093023256	0.0338983050847458
ENSG00000182667	0.057	6.35188509874327	2.59649122807018	0	0.398601398601399	0.186046511627907	0
ENSG00000079101	0.22	8.01256732495512	2.52631578947368	0	0.048951048951049	0.162790697674419	0.0677966101694915
ENSG00000265203	0.332	11.4631956912029	4.71929824561404	0.0454545454545455	0.0629370629370629	0.441860465116279	0.0677966101694915
ENSG00000112706	0.155	6.76481149012567	3	0.0454545454545455	0.048951048951049	0.0930232558139535	0.0508474576271186
ENSG00000021300	0.314	7.60143626570916	9.78947368421053	0.0909090909090909	0.118881118881119	0.534883720930233	0.525423728813559
ENSG00000139988	0.113	5.36804308797127	4.15789473684211	0.0909090909090909	0.0559440559440559	0.325581395348837	0.0169491525423729
ENSG00000176406	0.104	7.55475763016158	5.82456140350877	0.0454545454545455	0.034965034965035	0.372093023255814	0.0169491525423729
ENSG00000105392	0.12	5.91741472172352	3.85964912280702	0.0454545454545455	0.104895104895105	0.13953488372093	0.0847457627118644
ENSG00000111837	0.073	5.36265709156194	2.84210526315789	0	0.048951048951049	0.232558139534884	0.0169491525423729
ENSG00000104341	1.186	7.6229802513465	5.63157894736842	0.681818181818182	0.65034965034965	2.6046511627907	1.13559322033898
ENSG00000081148	0.108	5.33034111310592	3.12280701754386	0.0909090909090909	0.0839160839160839	0.162790697674419	0
ENSG00000214140	0.151	5.11669658886894	5.24561403508772	0.136363636363636	0.125874125874126	0.186046511627907	0.169491525423729
ENSG00000175906	3.011	7.68222621184919	7.50877192982456	0.0454545454545455	1.40559440559441	10.9302325581395	0.23728813559322
ENSG00000205581	5.408	13.3177737881508	10.9824561403509	1.04545454545455	1.82517482517483	7.16279069767442	1.20338983050847
ENSG00000112599	0.16	5.13464991023339	4.31578947368421	0.0909090909090909	0.0699300699300699	0.302325581395349	0
ENSG00000118402	0.142	4.7181328545781	2.82456140350877	0	0.0559440559440559	0.441860465116279	0.0508474576271186
ENSG00000109107	0.208	5.6983842010772	4.96491228070175	0.0454545454545455	0.125874125874126	0.395348837209302	0.338983050847458
ENSG00000166569	0.081	4.79712746858169	3.75438596491228	0	0.00699300699300699	0.116279069767442	0.0169491525423729
ENSG00000112619	0.062	4.53500897666068	2.28070175438596	0	0.020979020979021	0.232558139534884	0
ENSG00000175161	0.102	4.6786355475763	2.80701754385965	0	0.0559440559440559	0.116279069767442	0.186440677966102
ENSG00000079819	0.289	7.05026929982047	6.50877192982456	0.5	1.8951048951049	0.27906976744186	0.576271186440678
ENSG00000112041	0.118	4.45601436265709	3.35087719298246	0.0454545454545455	0.0699300699300699	0.13953488372093	0.0677966101694915
ENSG00000162992	0.078	4.94075403949731	4.71929824561404	0.0909090909090909	0.0559440559440559	0.209302325581395	0.0169491525423729
ENSG00000170264	0.11	4.43447037701975	2.84210526315789	0.0454545454545455	0.132867132867133	0.186046511627907	0.254237288135593
ENSG00000158445	0.101	5.14362657091562	3.01754385964912	0.0909090909090909	0.104895104895105	0.13953488372093	0
ENSG00000198947	0.081	4.7181328545781	3.33333333333333	0.0454545454545455	0.510489510489511	0.372093023255814	0.338983050847458
ENSG00000078018	0.142	4.48653500897666	3.70175438596491	0.136363636363636	0.0839160839160839	0.255813953488372	0.169491525423729
ENSG00000132437	0.069	3.76301615798923	3.19298245614035	0.0454545454545455	0.0629370629370629	0.116279069767442	0.0677966101694915
ENSG00000082126	0.064	4.06283662477558	2.52631578947368	0	0.020979020979021	0.209302325581395	0.0338983050847458
ENSG00000115255	0.418	3.64991023339318	3.3859649122807	0.0454545454545455	0.0839160839160839	0.627906976744186	0.101694915254237
ENSG00000165724	0.503	4.23339317773788	2.92982456140351	0.136363636363636	0.237762237762238	0.790697674418605	0.203389830508475
ENSG00000108370	0.058	3.38599640933573	2.35087719298246	0.0454545454545455	0.251748251748252	0.511627906976744	0.0338983050847458
ENSG00000117139	2.427	6.15439856373429	3.49122807017544	0.0454545454545455	0.706293706293706	2.41860465116279	1.44067796610169
ENSG00000074621	0.073	3.44344703770197	1.52631578947368	0.0454545454545455	0.034965034965035	0.162790697674419	0.0169491525423729
ENSG00000069696	0.106	3.40215439856373	3.21052631578947	0.0454545454545455	0.0559440559440559	0.162790697674419	0.0169491525423729
ENSG00000102104	0.047	2.94075403949731	2.36842105263158	0	0.00699300699300699	0.13953488372093	0.0169491525423729
ENSG00000184792	0.222	3.24955116696589	1.71929824561404	0.0454545454545455	0.048951048951049	0.325581395348837	0.0169491525423729
ENSG00000158234	0.245	3.47396768402154	2.6140350877193	0	0.244755244755245	0.488372093023256	0.152542372881356
ENSG00000133256	0.066	2.83123877917415	1.84210526315789	0.0454545454545455	0.0559440559440559	0.186046511627907	0
ENSG00000140386	0.344	3.74326750448833	2	0.181818181818182	0.335664335664336	0.651162790697674	0.406779661016949
ENSG00000050393	0.537	3.31777378815081	2.54385964912281	0.727272727272727	0.384615384615385	0.930232558139535	0.322033898305085
ENSG00000007062	0.062	2.42908438061041	1.64912280701754	0	0.048951048951049	0	0.0508474576271186
ENSG00000118473	0.032	2.70197486535009	1.73684210526316	0	0.041958041958042	0.0930232558139535	0.220338983050847
ENSG00000131389	2.308	4.07360861759425	2.63157894736842	0.181818181818182	0.223776223776224	0.720930232558139	0.372881355932203
ENSG00000155755	0.51	2.71454219030521	2.01754385964912	0.136363636363636	0.482517482517482	0.581395348837209	0.152542372881356
ENSG00000033867	2.186	3.64452423698384	2.31578947368421	0.681818181818182	0.524475524475524	1.37209302325581	0.915254237288136
ENSG00000237070	0.042	2.25852782764811	1.63157894736842	0.0454545454545455	0.00699300699300699	0.116279069767442	0.0508474576271186
ENSG00000130940	0.27	2.6032315978456	1.52631578947368	0.136363636363636	0.048951048951049	0.27906976744186	0
ENSG00000036672	0.124	2.41113105924596	1.3859649122807	0.136363636363636	0.517482517482518	0.13953488372093	0.152542372881356
ENSG00000182324	0.155	2.28366247755835	1.66666666666667	0.136363636363636	0.020979020979021	0.0930232558139535	0.135593220338983
ENSG00000173976	0.048	2.21903052064632	2.28070175438596	0.0454545454545455	0.013986013986014	0.162790697674419	0.0338983050847458
ENSG00000156194	0.037	2.65709156193896	1.42105263157895	0.0454545454545455	0.027972027972028	0.116279069767442	0
ENSG00000156475	0.065	2.2657091561939	2.28070175438596	0.0454545454545455	0.020979020979021	0.0697674418604651	0.0677966101694915
ENSG00000196405	0.554	3.33034111310592	3.64912280701754	0.409090909090909	0.412587412587413	0.511627906976744	0.542372881355932
ENSG00000245750	0.049	2.83123877917415	2.24561403508772	0	0.020979020979021	0.27906976744186	0.0677966101694915
ENSG00000135541	0.692	3.57809694793537	2.68421052631579	1	0.783216783216783	0.255813953488372	1.23728813559322
ENSG00000110436	0.05	2.12746858168761	1.45614035087719	0	0.020979020979021	0.0930232558139535	0.0677966101694915
ENSG00000131089	0.143	2.14721723518851	1.47368421052632	0.0454545454545455	0.237762237762238	0.13953488372093	0.135593220338983
ENSG00000177200	0.806	3.41831238779174	2.47368421052632	1.45454545454545	1.18881118881119	1.23255813953488	0.949152542372881
ENSG00000203880	0.245	2.37163375224417	1.63157894736842	0.136363636363636	0.258741258741259	0.395348837209302	0.305084745762712
ENSG00000162664	2.998	3.67145421903052	2.94736842105263	0.909090909090909	0.440559440559441	4.46511627906977	0.813559322033898
ENSG00000008952	2.741	5.99640933572711	7.50877192982456	2.63636363636364	3.55944055944056	4.02325581395349	3.69491525423729
ENSG00000111341	1.052	0.459605026929982	0.894736842105263	5.90909090909091	188.699300699301	1.02325581395349	54.8983050847458
ENSG00000115461	0.596	0.350089766606822	2.80701754385965	0.136363636363636	96.1748251748252	0.232558139534884	1.47457627118644
ENSG00000167779	1.611	0.134649910233393	0.666666666666667	0.409090909090909	62.034965034965	4.76744186046512	0.694915254237288
ENSG00000077942	0.516	0.0305206463195691	0.0350877192982456	0	23.1678321678322	0.534883720930233	0.0847457627118644
ENSG00000188257	11.302	0.190305206463196	0.473684210526316	0.136363636363636	83.027972027972	0.511627906976744	0.305084745762712
ENSG00000148180	6.032	0.881508078994614	2.14035087719298	7.31818181818182	73.7202797202797	21.8139534883721	3.08474576271186
ENSG00000159403	1.043	0.0251346499102334	0.140350877192982	0.636363636363636	16.8111888111888	0.0930232558139535	0.864406779661017
ENSG00000106809	0.025	0.0107719928186715	0.0175438596491228	0	15.8811188811189	0.0697674418604651	0.0169491525423729
ENSG00000149131	0.87	0.0574506283662478	1.35087719298246	1.18181818181818	19.8811188811189	0.116279069767442	8.13559322033898
ENSG00000164692	0.167	0.0251346499102334	0.0175438596491228	0	15.2097902097902	0.0232558139534884	0.135593220338983
ENSG00000182326	0.407	0.0377019748653501	0.087719298245614	0.272727272727273	11.7692307692308	0.0465116279069767	0.677966101694915
ENSG00000116678	0.042	0.0233393177737881	0.0701754385964912	0.318181818181818	12.041958041958	0.0930232558139535	0.0338983050847458
ENSG00000106483	0.069	0.0305206463195691	0.140350877192982	0	44.3006993006993	0.0697674418604651	0.0847457627118644
ENSG00000125730	2.181	0.0646319569120287	0.087719298245614	0.0454545454545455	10.6083916083916	0.209302325581395	0.322033898305085
ENSG00000162407	0.202	0.0125673249551167	0.719298245614035	3.86363636363636	10.7762237762238	0.395348837209302	0.423728813559322
ENSG00000131477	0.096	0.0269299820466786	0.245614035087719	2.5	11.0839160839161	0.13953488372093	0.322033898305085
ENSG00000188783	0.062	0.0287253141831239	1.12280701754386	0.0454545454545455	7.51048951048951	0	0.745762711864407
ENSG00000189129	0.16	0.0377019748653501	0.350877192982456	0.772727272727273	8.95104895104895	0.0697674418604651	0.76271186440678
ENSG00000106333	0.066	0.0107719928186715	0.087719298245614	0	6.51048951048951	0.0930232558139535	0.11864406779661
ENSG00000102265	4.486	0.120287253141831	1.31578947368421	6.22727272727273	21.6993006993007	1.86046511627907	3.38983050847458
ENSG00000162576	0.037	0.00538599640933573	0.245614035087719	0	4.47552447552448	0	0.101694915254237
ENSG00000169439	0.067	0.166965888689408	0.333333333333333	0	7.13986013986014	0	0.661016949152542
ENSG00000168079	0.025	0.00359066427289048	0	0	4.56643356643357	0.0232558139534884	0.627118644067797
ENSG00000166482	0.023	0.0161579892280072	0.596491228070175	0.0454545454545455	4.59440559440559	0.0232558139534884	0.0508474576271186
ENSG00000035862	0.488	0.0807899461400359	0.578947368421053	0.863636363636364	7.62937062937063	0.162790697674419	3.47457627118644
ENSG00000163430	0.103	0.0143626570915619	0.754385964912281	0.454545454545455	5.29370629370629	0.0697674418604651	0.796610169491525
ENSG00000119147	0.093	0.0161579892280072	0.0526315789473684	0.0909090909090909	7.56643356643357	0	0.0677966101694915
ENSG00000123384	0.526	0.0233393177737881	1.33333333333333	0.0909090909090909	6.37762237762238	2.3953488372093	0.711864406779661
ENSG00000116774	0.118	0.0107719928186715	0.0526315789473684	0.0909090909090909	3.76223776223776	0.0697674418604651	0.0847457627118644
ENSG00000108821	0.133	0.0215439856373429	0.0175438596491228	0	4.34965034965035	0.0232558139534884	0.0677966101694915
ENSG00000112699	1.029	0.0197486535008977	0.0526315789473684	0.181818181818182	5.62237762237762	0.930232558139535	0.135593220338983
ENSG00000090006	1.026	0.00718132854578097	0.140350877192982	0.181818181818182	3.68531468531469	1.13953488372093	0.23728813559322
ENSG00000006606	0.073	0.0682226211849192	0.0701754385964912	0.0454545454545455	14.2447552447552	0.0465116279069767	0.322033898305085
ENSG00000011028	0.057	0.00359066427289048	0.0350877192982456	0	3.04895104895105	0.465116279069767	0.0338983050847458
ENSG00000127083	0.019	0.00359066427289048	0	0	3.68531468531469	0	0.0169491525423729
ENSG00000071967	0.552	0.0125673249551167	0.333333333333333	0.272727272727273	3.79020979020979	0.465116279069767	0.711864406779661
ENSG00000168542	0.008	0.00538599640933573	0	0.227272727272727	3.76223776223776	0.0232558139534884	0
ENSG00000068697	5.355	0.206463195691203	1.6140350877193	1.95454545454545	8.44755244755245	9.46511627906977	4.33898305084746
ENSG00000145390	3.039	0.174147217235189	0.263157894736842	0.5	4.55244755244755	4.74418604651163	0.830508474576271
ENSG00000116962	0.039	0.00718132854578097	0.0175438596491228	0.590909090909091	3.04195804195804	0	0.372881355932203
ENSG00000187720	0.052	0.0125673249551167	0.0350877192982456	0.272727272727273	3.91608391608392	0	0
ENSG00000154175	0.166	0.0161579892280072	0.842105263157895	0.0454545454545455	3.39160839160839	0.116279069767442	0
ENSG00000197614	0.02	0.00897666068222621	0.0526315789473684	0	8.29370629370629	0.0465116279069767	0
ENSG00000143819	2.116	0.166965888689408	1.01754385964912	0.454545454545455	4.33566433566434	1.51162790697674	1.61016949152542
ENSG00000180447	0.08	0.0215439856373429	0.87719298245614	0.0454545454545455	3.52447552447552	0.0232558139534884	0.932203389830508
ENSG00000162496	1.017	0.0323159784560144	0.315789473684211	0.0454545454545455	3.62937062937063	1.2093023255814	0.254237288135593
ENSG00000116044	5.337	0.601436265709156	1.96491228070175	2.59090909090909	6.9020979020979	6.55813953488372	3.83050847457627
ENSG00000166347	1.075	0.107719928186715	0.333333333333333	0.727272727272727	3.74825174825175	1.74418604651163	0.457627118644068
ENSG00000148700	1.341	1.19389587073609	2.64912280701754	0.363636363636364	3.41258741258741	0.534883720930233	1.54237288135593
ENSG00000162599	1.838	0.0736086175942549	1.57894736842105	1.68181818181818	4.05594405594406	0.976744186046512	1.55932203389831
ENSG00000099204	3.587	0.52064631956912	0.842105263157895	1.54545454545455	3.16083916083916	3.30232558139535	0.932203389830508
ENSG00000112419	1.013	0.0215439856373429	0.210526315789474	1.36363636363636	3.17482517482518	1.02325581395349	0.169491525423729
ENSG00000185664	0.464	0.052064631956912	0.473684210526316	0.0909090909090909	0.0769230769230769	0.162790697674419	65.6949152542373
ENSG00000136160	0.107	0.0233393177737881	0.456140350877193	0.5	0.041958041958042	0.186046511627907	19.2203389830508
ENSG00000120215	0.141	0.00718132854578097	0	0	0.020979020979021	0.0232558139534884	26.4915254237288
ENSG00000080166	0.442	0.0143626570915619	0.0175438596491228	0	0.00699300699300699	0	62.9491525423729
ENSG00000115828	0.085	0.00718132854578097	0.0526315789473684	0	0.181818181818182	0.0232558139534884	9.38983050847458
ENSG00000085063	6.95	0.473967684021544	1.49122807017544	9.59090909090909	2.45454545454545	5.13953488372093	19.4576271186441
ENSG00000187098	0.079	0.0107719928186715	0.0701754385964912	0	0.258741258741259	0.0465116279069767	14.8983050847458
ENSG00000137575	5.751	0.111310592459605	0.684210526315789	5.18181818181818	3.46153846153846	3.69767441860465	16.6271186440678
ENSG00000164111	5.747	0.366247755834829	1.80701754385965	1.90909090909091	5.25874125874126	1.48837209302326	16.135593220339
ENSG00000150347	6.317	0.0269299820466786	0.280701754385965	4.13636363636364	2.43356643356643	8.67441860465116	16.2033898305085
ENSG00000135919	1.114	0.00359066427289048	0.0175438596491228	0.0454545454545455	0.398601398601399	0	8.89830508474576
ENSG00000135404	14.01	2.90125673249551	7.73684210526316	5.68181818181818	13.965034965035	10.8837209302326	36.0677966101695
ENSG00000103994	0.901	1.12746858168761	1.28070175438596	0.772727272727273	0.657342657342657	1.18604651162791	9.22033898305085
ENSG00000136235	3.761	0.0466786355475763	0.0701754385964912	0	3.90909090909091	2.23255813953488	7.33898305084746
ENSG00000159685	0.251	0.149012567324955	0.491228070175439	0	0.307692307692308	0.511627906976744	6.74576271186441
ENSG00000052126	0.649	0.881508078994614	0.631578947368421	0.0454545454545455	0.391608391608392	0.790697674418605	3.57627118644068
ENSG00000185222	1.428	0.364452423698384	1.05263157894737	1.68181818181818	3	1.55813953488372	4.16949152542373
ENSG00000140403	3.636	0.267504488330341	0.473684210526316	0.772727272727273	0.377622377622378	1.86046511627907	3.28813559322034
ENSG00000005893	2.44	0.0951526032315978	0.719298245614035	0.954545454545455	1.27272727272727	4.48837209302326	4.06779661016949
ENSG00000164463	1.329	0.712746858168761	0.771929824561403	1.22727272727273	1.11888111888112	1.3953488372093	3.4406779661017
ENSG00000197535	0.442	0.204667863554758	0.578947368421053	0.227272727272727	0.20979020979021	1.11627906976744	2.72881355932203
ENSG00000091513	0.351	0.549371633752244	67.6491228070175	0.0909090909090909	0.272727272727273	0.651162790697674	0.152542372881356
ENSG00000166426	0.159	0.640933572710952	25.8947368421053	0.227272727272727	5.1958041958042	0.744186046511628	0.152542372881356
ENSG00000104267	0.368	0.845601436265709	15	0.227272727272727	0.0909090909090909	0.441860465116279	0.0847457627118644
ENSG00000156076	0.054	0.0897666068222621	14.7017543859649	0	0.111888111888112	0.116279069767442	0.0338983050847458
ENSG00000164434	0.049	0.303411131059246	9.8421052631579	0.0454545454545455	0.034965034965035	0.27906976744186	0.288135593220339
ENSG00000050165	0.186	0.066427289048474	12.1052631578947	0.136363636363636	1.9020979020979	3.81395348837209	0.169491525423729
ENSG00000046653	0.29	1.38061041292639	11.5087719298246	0.0454545454545455	0.636363636363636	0.232558139534884	3.01694915254237
ENSG00000237949	0.085	0.267504488330341	4.85964912280702	0	0.0769230769230769	0.255813953488372	0.0338983050847458
ENSG00000115310	8.04	4.14721723518851	18.9824561403509	3.86363636363636	4.95804195804196	15.6511627906977	5.89830508474576
ENSG00000103260	0.255	0.206463195691203	5.85964912280702	0.181818181818182	0.552447552447552	0.511627906976744	1.10169491525424
ENSG00000167614	0.039	0.874326750448833	3.50877192982456	0	0.020979020979021	0.0697674418604651	0
ENSG00000186439	0.032	0.0377019748653501	5.17543859649123	0	0.41958041958042	0	0.0169491525423729
ENSG00000151552	0.301	0.181328545780969	4.84210526315789	0.136363636363636	0.391608391608392	0.744186046511628	0.440677966101695
ENSG00000245910	5.12	4.86175942549372	9.8421052631579	3.13636363636364	3.6013986013986	4.3953488372093	5.91525423728814
ENSG00000240583	0.011	0.00718132854578097	0.0350877192982456	19.3636363636364	0.0559440559440559	0	0.0169491525423729
ENSG00000213088	0.005	0.00359066427289048	0.12280701754386	20.0909090909091	0.020979020979021	0	0
ENSG00000110799	0.051	0	0.0175438596491228	11.3181818181818	0.00699300699300699	0.116279069767442	0
ENSG00000007908	0.007	0	0	28.0909090909091	0.00699300699300699	0.0232558139534884	0
ENSG00000130300	0.005	0.00179533213644524	0	11.1818181818182	0.00699300699300699	0	0
ENSG00000261371	0.008	0.00359066427289048	0.0350877192982456	8.31818181818182	0.013986013986014	0.0465116279069767	0.0169491525423729
ENSG00000165949	7.291	0.296229802513465	0.543859649122807	10.2272727272727	3.24475524475524	5.11627906976744	1.59322033898305
ENSG00000122679	0.006	0.00179533213644524	0.0175438596491228	4.95454545454545	0.118881118881119	0	0
ENSG00000113594	0.071	0.412926391382406	0.315789473684211	5.77272727272727	0.923076923076923	0.0232558139534884	0.305084745762712
ENSG00000064989	0.067	0	0	5.72727272727273	0.160839160839161	0.0232558139534884	0
ENSG00000178726	1.102	0.0125673249551167	0.0175438596491228	9	0.111888111888112	1.97674418604651	0.0338983050847458
ENSG00000134352	3.161	0.569120287253142	2.91228070175439	8.68181818181818	4.05594405594406	1.62790697674419	2.47457627118644
ENSG00000102755	0.022	0.00718132854578097	1.31578947368421	5.27272727272727	0.202797202797203	0	0.0508474576271186
ENSG00000142798	0.221	0.00538599640933573	0.140350877192982	4.59090909090909	0.881118881118881	0.0930232558139535	0.457627118644068
ENSG00000112936	0.002	0	0.12280701754386	4.90909090909091	0.587412587412587	0	0.0169491525423729
ENSG00000107281	0.249	0.366247755834829	0.350877192982456	4.59090909090909	1.34265734265734	0.651162790697674	0.0508474576271186
ENSG00000163638	0.062	0.00359066427289048	0	8.04545454545454	0.0909090909090909	0.0697674418604651	0.0508474576271186
ENSG00000179144	0.016	0.00538599640933573	0.0350877192982456	3.68181818181818	0.00699300699300699	0.0232558139534884	0.0338983050847458
ENSG00000106991	0.042	0.0125673249551167	0.0175438596491228	3.09090909090909	0.713286713286713	0.0465116279069767	0.11864406779661
ENSG00000091409	5.187	0.0394973070017953	0.140350877192982	4.5	0.111888111888112	4.74418604651163	0.11864406779661
ENSG00000104419	7.417	0.303411131059246	0.87719298245614	6.86363636363636	1.94405594405594	5.32558139534884	0.661016949152542
ENSG00000125810	0.016	0.00538599640933573	0	4.72727272727273	0	0	0
ENSG00000170989	0.096	0.00179533213644524	0.368421052631579	2.68181818181818	0.020979020979021	0.116279069767442	0
ENSG00000150687	0.15	0.00179533213644524	0.087719298245614	3.04545454545455	0.356643356643357	0.0697674418604651	0.11864406779661
ENSG00000164035	0.006	0	0.0175438596491228	3.36363636363636	0.237762237762238	0.0232558139534884	0.288135593220339
ENSG00000175471	0.043	0.00718132854578097	0	3.31818181818182	0	0.0465116279069767	0
ENSG00000162618	0.005	0	0	2.59090909090909	0	0	0
ENSG00000115306	1.438	0.750448833034111	1.85964912280702	4.40909090909091	3.13986013986014	1.67441860465116	3.01694915254237
ENSG00000161638	0.156	0.00538599640933573	0.0175438596491228	2.27272727272727	0.300699300699301	0.0465116279069767	0.220338983050847
ENSG00000182463	0.251	0.00718132854578097	0.245614035087719	2.40909090909091	0.244755244755245	0	0.0169491525423729
ENSG00000110422	1.105	0.262118491921005	0.245614035087719	3.72727272727273	0.65034965034965	0.790697674418605	0.864406779661017
ENSG00000162616	3.546	0.366247755834829	0.719298245614035	6.54545454545455	1.01398601398601	6.58139534883721	4.49152542372881
ENSG00000111859	0.595	0.0287253141831239	0.421052631578947	3	0.167832167832168	1.23255813953488	0.508474576271186
ENSG00000171056	1.315	0.0251346499102334	0.0526315789473684	3.40909090909091	0.020979020979021	0.325581395348837	0
ENSG00000111912	4.241	0.52064631956912	0.929824561403509	5.77272727272727	2.69230769230769	5	1.27118644067797
ENSG00000143537	0.807	0.0807899461400359	0.157894736842105	2.72727272727273	0.384615384615385	1.41860465116279	0.152542372881356
ENSG00000133789	0.771	0.0143626570915619	0.192982456140351	2.68181818181818	0.559440559440559	1.37209302325581	1.03389830508475
ENSG00000204217	0.537	0.472172351885099	0.929824561403509	2.36363636363636	1.22377622377622	0.534883720930233	0.966101694915254
ENSG00000186480	0.418	0.0466786355475763	0.578947368421053	6.31818181818182	1.36363636363636	1.27906976744186	0.694915254237288
ENSG00000119138	0.479	0.00897666068222621	0.684210526315789	2.77272727272727	3.25874125874126	0.930232558139535	1.76271186440678
ENSG00000067182	1.6	0.0251346499102334	0.140350877192982	2.31818181818182	1.32867132867133	1.97674418604651	0.779661016949153
