type_II_pneumocyte	mature_NK_T_cell	adventitial_cell
ENSG00000011465	0.1	0	54.36
ENSG00000111341	0.506	0.0384615384615385	116.96
ENSG00000077942	0.035	0	27.36
ENSG00000197766	0.475	0.0384615384615385	31.12
ENSG00000118849	0.037	0	19.04
ENSG00000166741	9.925	0.0384615384615385	25.04
ENSG00000182326	1.695	0	9.8
ENSG00000159403	4.848	0.0384615384615385	13.12
ENSG00000142173	0.031	0.153846153846154	10
ENSG00000139329	0.042	0	11.52
ENSG00000106538	0.236	0	7.32
ENSG00000149131	2.552	0	11.24
ENSG00000189058	0.134	0	11.4
ENSG00000142156	0.065	0	6.44
ENSG00000091986	0.45	0	20
ENSG00000112936	0.049	0	7.72
ENSG00000107317	0.052	0.769230769230769	6.52
ENSG00000163661	0.332	0	8.12
ENSG00000163430	0.091	0	5.84
ENSG00000187193	5.168	0.0769230769230769	7.32
ENSG00000149257	4.652	0	7.6
ENSG00000142871	3.313	0	11.2
ENSG00000115594	4.011	0.0384615384615385	7.24
ENSG00000138061	3.921	0	4.96
ENSG00000196616	0.024	0	5.08
ENSG00000167779	0.197	0.0384615384615385	16.04
ENSG00000038427	0.232	0.0384615384615385	6.84
ENSG00000140285	0.852	0	3
ENSG00000123384	0.108	0.0384615384615385	3.4
ENSG00000116649	7.405	0.230769230769231	6.04
ENSG00000128595	4.278	0.269230769230769	4.92
ENSG00000166794	30.472	1.96153846153846	16.88
ENSG00000140092	0.857	0	2.32
ENSG00000108691	1.272	0.0384615384615385	7.2
ENSG00000158747	0.035	0	3.04
ENSG00000162407	0.679	0	3.04
ENSG00000115380	4.156	0	4.04
ENSG00000090006	0.392	0.0384615384615385	2.16
ENSG00000101955	0.085	0	2.56
ENSG00000134333	18.062	0.846153846153846	14.2
ENSG00000115461	0.02	0	4.04
ENSG00000069702	0.12	0.615384615384615	2.44
ENSG00000100979	0.107	0.115384615384615	1.6
ENSG00000109472	0.109	0	2.28
ENSG00000198856	5.316	0.423076923076923	4.24
ENSG00000123562	4.761	0.192307692307692	3.4
ENSG00000136235	0.13	0.0769230769230769	1.84
ENSG00000151914	0.756	0	2.76
ENSG00000157916	4.206	0.307692307692308	3.04
ENSG00000168653	12.435	0.846153846153846	6.68
ENSG00000166033	0.964	0.0384615384615385	1.72
ENSG00000182636	0.635	0	1.4
ENSG00000136732	0.081	1.07692307692308	2.68
ENSG00000136026	3.309	0	2.36
ENSG00000101182	17.207	1.23076923076923	9.12
ENSG00000253276	0.385	0.0769230769230769	2.48
ENSG00000050405	1.533	0.230769230769231	1.96
ENSG00000182463	0.007	0	1.52
ENSG00000163479	11.942	1.5	6.4
ENSG00000138760	2.71	0.115384615384615	1.88
ENSG00000087191	5.514	0.653846153846154	3.32
ENSG00000143387	0.037	0	1.64
ENSG00000105677	5.671	0.461538461538462	2.92
ENSG00000133104	1.957	0.115384615384615	1.76
ENSG00000196683	18.24	2.07692307692308	9.2
ENSG00000129116	0.252	0.0769230769230769	1.8
ENSG00000213585	6.694	0.384615384615385	2.92
ENSG00000233608	0.644	0	1.12
ENSG00000179271	6.33	0.384615384615385	3.16
ENSG00000131435	0.077	0	1.12
ENSG00000129562	7.36	1	5.24
ENSG00000118363	8.225	1.11538461538462	4.32
ENSG00000007237	0.031	0.346153846153846	1.2
ENSG00000011028	1.652	0	0.96
ENSG00000134824	2.923	0.0384615384615385	1.32
ENSG00000169490	0.666	0.153846153846154	1.08
ENSG00000106565	0.086	0	1.36
ENSG00000148803	0.316	0	0.84
ENSG00000079257	0.116	0	1.4
ENSG00000174780	4.749	0.384615384615385	2.32
ENSG00000115875	6.605	2.23076923076923	6.44
ENSG00000185565	0.003	0	0.6
ENSG00000136244	0.839	0	4.36
ENSG00000129680	0.047	0.0769230769230769	0.92
ENSG00000109113	2.061	0	1.24
ENSG00000134202	0.2	0	1.04
ENSG00000002933	0.062	0	1
ENSG00000174080	0.194	0.0384615384615385	0.8
ENSG00000117899	2.75	0.269230769230769	2.08
ENSG00000146674	0.025	0	0.68
ENSG00000174705	0.061	0	0.8
ENSG00000196935	0.086	0	0.68
ENSG00000152583	0.338	0	7.12
ENSG00000213088	0.371	0.0384615384615385	0.04
ENSG00000184113	0.332	0	0.16
ENSG00000110799	0.304	0.0384615384615385	0.4
ENSG00000261371	0.312	0.0769230769230769	0.4
ENSG00000107438	5.821	0.192307692307692	1.32
ENSG00000164056	0.532	0.0384615384615385	2.6
ENSG00000165949	1.674	0.115384615384615	0.32
ENSG00000162618	0.036	0	0
ENSG00000267107	0.095	0	0.12
ENSG00000127920	0.142	0.0384615384615385	1.24
ENSG00000196628	0.168	0.115384615384615	1.08
ENSG00000133110	0.024	0	0.24
ENSG00000130300	0.009	0	0
ENSG00000064989	0.094	0	0.36
ENSG00000150687	0.495	0.269230769230769	2.56
ENSG00000169908	8.064	0.115384615384615	0.4
ENSG00000113140	0.191	0.192307692307692	8.4
ENSG00000076706	0.09	0	0.04
ENSG00000240583	16.591	0.0769230769230769	0.24
ENSG00000142798	1.867	0	0.52
ENSG00000085063	10.566	0.153846153846154	3.64
ENSG00000125810	0.119	0.0769230769230769	0.16
ENSG00000175899	0.2	0.0384615384615385	15.76
ENSG00000068001	1.387	0	0.4
ENSG00000249751	0.052	0	0
ENSG00000131370	0.605	0.730769230769231	0.52
ENSG00000176435	0.07	0	0.08
ENSG00000088832	6.082	0.269230769230769	2.28
ENSG00000118946	0.121	0	0.12
ENSG00000134531	2.958	0.0769230769230769	4.36
ENSG00000131477	0.094	0	0.28
ENSG00000107281	0.251	0	0.88
ENSG00000116016	5.812	0	2.04
ENSG00000163638	0.328	0.0384615384615385	0.88
ENSG00000175130	0.079	0.0769230769230769	0.8
ENSG00000060138	13.193	0.153846153846154	8.88
ENSG00000105974	7.978	0.0769230769230769	1.36
ENSG00000182809	0.686	0.0384615384615385	0.28
ENSG00000172889	0.597	0.0384615384615385	0.16
ENSG00000143537	1.912	0.0384615384615385	0.48
ENSG00000149564	0.902	0.0384615384615385	0.08
ENSG00000100345	4.512	1.30769230769231	1.16
ENSG00000163513	5.423	0.423076923076923	2.52
ENSG00000203883	0.032	0.0384615384615385	0.04
ENSG00000164035	0.017	0	0
ENSG00000184497	0.021	0	0.04
ENSG00000106991	0.214	0.0769230769230769	1.96
ENSG00000115306	8.837	0.461538461538462	2.68
ENSG00000177469	4.028	0.0384615384615385	3.48
ENSG00000168899	0.365	0.5	1.52
ENSG00000127528	3.671	3.38461538461538	3.88
ENSG00000142192	2.009	0	1.56
ENSG00000169744	0.031	0.0384615384615385	0.08
ENSG00000122679	0.07	0	0.04
ENSG00000122378	4.329	0.0384615384615385	0.24
ENSG00000133789	1.403	0	0.24
ENSG00000108622	0.356	0.692307692307692	0.04
ENSG00000137962	1.491	0	0.4
ENSG00000155366	1.039	0.923076923076923	1.68
ENSG00000102755	0.04	0	0.12
ENSG00000099260	0.034	0	0.08
ENSG00000139567	0.083	0	0.32
ENSG00000091409	0.67	0.153846153846154	0.08
ENSG00000178980	13.996	0.923076923076923	2.44
ENSG00000169504	1.218	0	0.84
ENSG00000137710	4.719	0.153846153846154	0.84
ENSG00000163788	0.379	0.461538461538462	0.16
ENSG00000147862	2.104	0	2.72
ENSG00000182240	1.668	0	0.32
ENSG00000184009	62.275	4.88461538461539	28.16
ENSG00000178878	0.079	0.192307692307692	0
ENSG00000142937	115.253	6	42.64
ENSG00000174640	0.229	0.0769230769230769	0.04
ENSG00000179776	0.068	0	0.04
ENSG00000152661	2.004	0.0769230769230769	0.2
ENSG00000152492	1.356	0.0384615384615385	0.64
ENSG00000198805	3.689	0.192307692307692	0.64
ENSG00000156298	0.188	0.0384615384615385	0.04
ENSG00000184557	8.949	0.115384615384615	6
ENSG00000163171	1.717	0.346153846153846	0.12
ENSG00000174059	0.015	0	0.52
ENSG00000129657	0.477	0.230769230769231	0.24
ENSG00000143545	2.466	0	1.84
ENSG00000277443	0.155	0	0.8
ENSG00000104419	0.739	0	0.8
ENSG00000117298	0.391	0	0.4
ENSG00000161638	0.117	0.115384615384615	0.48
ENSG00000126777	8.45	0.692307692307692	2.28
ENSG00000085871	1.599	0.0769230769230769	0.08
ENSG00000168497	3.45	0	0.16
ENSG00000034510	47.842	17.0769230769231	29.36
ENSG00000065978	33.139	1.80769230769231	13.16
ENSG00000143774	9.797	1.34615384615385	3.64
ENSG00000274736	0.047	0	0
ENSG00000171105	0.909	0	0.04
ENSG00000150093	6.757	1.46153846153846	4.04
ENSG00000170989	0.051	0	0.04
ENSG00000105538	0.023	0	0.04
ENSG00000115457	0.05	0.0384615384615385	0.24
ENSG00000186468	77.58	8.42307692307692	32.08
ENSG00000103966	1.173	0.0769230769230769	0.12
ENSG00000163565	0.995	1.23076923076923	2.4
ENSG00000111640	40.282	2.38461538461538	20.36
ENSG00000099204	1.444	0.115384615384615	0.24
ENSG00000162430	1.067	0.0384615384615385	0.2
ENSG00000088986	14.377	0.615384615384615	7.04
ENSG00000181826	0.585	0.0384615384615385	0.12
ENSG00000100316	85	9.80769230769231	29.08
ENSG00000100106	2.055	0.192307692307692	1
ENSG00000111145	0.443	0.230769230769231	0.48
ENSG00000136068	1.375	0.0769230769230769	0.16
ENSG00000137033	0.023	0	1.04
ENSG00000166265	0.014	0	0
ENSG00000018408	2.391	0	1.12
ENSG00000124762	3.922	0.0384615384615385	3.52
ENSG00000117461	0.609	0.0384615384615385	0.08
ENSG00000179144	0.041	1	0.08
ENSG00000128567	0.245	0.0384615384615385	0.08
ENSG00000174748	55.041	5.46153846153846	16.88
ENSG00000135363	0.032	0	0.12
ENSG00000187514	111.298	11.9230769230769	34.2
ENSG00000161970	46.031	6.57692307692308	19.68
ENSG00000147065	8.851	2	1.4
ENSG00000111961	0.723	0	0.16
ENSG00000168734	0.296	0	0.44
ENSG00000144713	102.826	8.07692307692308	35.32
ENSG00000124570	3.022	0.692307692307692	0.84
ENSG00000160691	1.129	0.0769230769230769	0.88
ENSG00000198034	68.296	6.73076923076923	21.32
ENSG00000120533	4.188	0.923076923076923	1.04
ENSG00000145425	59.545	6.65384615384615	19.28
ENSG00000186260	0.59	0	0.16
ENSG00000130558	0.691	0.0384615384615385	0.08
ENSG00000109475	77.961	8.23076923076923	30.28
ENSG00000166398	0.502	0.230769230769231	0.04
ENSG00000137509	0.408	0.0384615384615385	0.24
ENSG00000141429	2.032	0.346153846153846	0.48
ENSG00000136237	1.069	0	0
ENSG00000145741	18.696	1.80769230769231	7.52
ENSG00000162734	1.194	0.192307692307692	1.04
ENSG00000140319	18.618	2.19230769230769	6.8
ENSG00000171863	53.141	6	19.08
ENSG00000127329	0.078	0.0384615384615385	0
ENSG00000142864	12.909	1.76923076923077	5.44
ENSG00000241343	9.53	0.5	2.72
ENSG00000133574	0.04	0.884615384615385	0.04
ENSG00000135002	0.943	0.115384615384615	0.52
ENSG00000177556	3.317	0.307692307692308	2.16
ENSG00000114942	29.909	2.34615384615385	11.92
ENSG00000130202	2.23	0.0384615384615385	0.48
ENSG00000153317	0.181	0	0.4
ENSG00000099250	0.263	0	1.28
ENSG00000133112	177.091	17.6538461538462	52.72
ENSG00000168309	0.157	0.0384615384615385	0.16
ENSG00000128512	0.273	0	0.24
ENSG00000196531	34.899	4.61538461538461	13.76
ENSG00000204217	0.851	0	0.6
ENSG00000088387	1.617	0	0.04
ENSG00000149212	0.873	0	0.28
ENSG00000163110	0.824	0.153846153846154	0.28
ENSG00000181019	1.664	0	0.76
ENSG00000143947	84.23	13	34.76
ENSG00000145912	7.985	0.346153846153846	3.48
ENSG00000118257	1.766	0	0.2
ENSG00000169641	0.374	0.115384615384615	0.72
ENSG00000154721	0.015	0	0.04
ENSG00000144118	0.515	0	0.24
ENSG00000117114	0.145	0	0.08
ENSG00000011405	2.533	0.269230769230769	0.44
ENSG00000110328	0.561	0	0.08
ENSG00000154133	0.025	0	0.04
ENSG00000063046	6.832	0.769230769230769	1.2
ENSG00000104368	0.08	0	1.56
ENSG00000113594	1.464	0	0.36
ENSG00000211450	4.978	0.576923076923077	1.6
ENSG00000173706	0.158	0.192307692307692	0.72
ENSG00000111907	1.08	0	0.04
ENSG00000145907	5.104	0.307692307692308	1.4
ENSG00000120279	0.016	0	0
ENSG00000163468	7.253	0.5	3.32
ENSG00000174749	1.048	0	0.08
ENSG00000100034	0.174	0.115384615384615	0.36
ENSG00000108828	0.408	0.0384615384615385	0.12
ENSG00000188612	10.65	1.07692307692308	3.88
ENSG00000188677	0.09	0.0769230769230769	0.32
ENSG00000136261	3.328	0.0769230769230769	0.72
ENSG00000074590	0.067	0.0384615384615385	0.08
ENSG00000112081	9.592	0.884615384615385	3.8
ENSG00000163072	0.179	0	0.16
ENSG00000153048	1.409	0.269230769230769	0.56
ENSG00000177733	3.655	0.538461538461538	1.4
ENSG00000104131	4.876	0.5	2.2
ENSG00000176105	1.385	0.115384615384615	0.48
ENSG00000265241	6.863	1.07692307692308	1.64
ENSG00000173267	0.016	0	0.08
ENSG00000166226	5.742	0.346153846153846	2.2
ENSG00000115694	1.395	0.192307692307692	0.56
ENSG00000144476	0.017	0	1.96
ENSG00000125835	6.662	0.923076923076923	2.04
ENSG00000185010	0.111	0	0.04
ENSG00000163687	0.002	0	0
ENSG00000136802	1.633	0.0769230769230769	0.24
ENSG00000091879	0.017	0	0
ENSG00000198435	0.209	0.0384615384615385	0.04
ENSG00000145990	0.152	0.461538461538462	0
ENSG00000175471	0.473	0	0.04
ENSG00000023902	0.159	0.269230769230769	0.48
ENSG00000196562	0.025	0	0.4
ENSG00000072163	0.13	0	0.08
ENSG00000054598	0.027	0	0.24
ENSG00000039523	0.168	0.0384615384615385	0.44
ENSG00000140280	0.771	0.153846153846154	0.24
ENSG00000090776	0.062	0	0.12
ENSG00000100353	3.73	0.384615384615385	1.32
ENSG00000197245	0.021	0	0
ENSG00000182118	0.202	0.0769230769230769	0.28
ENSG00000154783	0.013	0	0.08
ENSG00000125944	5.23	0.692307692307692	2.36
ENSG00000074660	0.159	0	0.04
ENSG00000171159	2.972	1.11538461538462	1.56
ENSG00000087302	5.334	0.346153846153846	2.24
ENSG00000188243	6.847	1	2.92
ENSG00000131634	0.01	0.0384615384615385	0.16
ENSG00000164125	0.555	0	0.4
ENSG00000168685	0.137	0.576923076923077	0.28
ENSG00000121966	0.078	8.38461538461539	0
ENSG00000198851	0.009	0.153846153846154	0
ENSG00000116824	0.006	0.884615384615385	0
ENSG00000133639	8.121	16.4230769230769	1.44
ENSG00000057657	0.03	1.96153846153846	0.04
ENSG00000185811	0.022	1.11538461538462	0
ENSG00000169442	0.244	1.11538461538462	0.08
ENSG00000160654	0.003	0	0
ENSG00000115165	0.043	1.96153846153846	0.04
ENSG00000072818	0.071	0.730769230769231	0.12
ENSG00000034677	1.287	0.538461538461538	1
ENSG00000171522	0.02	1.03846153846154	0.04
ENSG00000206560	2.66	0.230769230769231	0.28
ENSG00000164104	3.782	0.769230769230769	0.24
ENSG00000178573	0.106	0.538461538461538	0.64
ENSG00000100100	0.173	1.07692307692308	0
ENSG00000156127	0.183	0.0384615384615385	0
ENSG00000273319	0.133	0	0
ENSG00000110324	0.024	0.692307692307692	0
ENSG00000139289	0.185	0.653846153846154	2.2
ENSG00000079335	0.063	0.115384615384615	0.04
ENSG00000069493	0.093	0.230769230769231	0.04
ENSG00000113580	3.043	0.769230769230769	0.52
ENSG00000078596	0.025	0.307692307692308	0.32
ENSG00000198771	0.026	0.230769230769231	0
ENSG00000184584	1.846	0.346153846153846	0.4
ENSG00000271614	0.231	0.653846153846154	0.12
ENSG00000152270	0.016	0.307692307692308	0.04
ENSG00000172175	0.617	0.384615384615385	0.04
ENSG00000066294	0.047	0.0384615384615385	0
ENSG00000010610	0.026	0	0.2
ENSG00000138135	0.165	0	2.4
ENSG00000071051	0.403	0.115384615384615	0
ENSG00000198879	0.072	0.0384615384615385	0.28
ENSG00000105483	0.347	0.269230769230769	0
ENSG00000150907	0.269	0.192307692307692	0.56
ENSG00000153094	0.316	0.192307692307692	0
ENSG00000154642	0.186	0.230769230769231	0.04
ENSG00000140931	0.023	0.230769230769231	0.24
ENSG00000033867	0.477	0.0769230769230769	0.28
ENSG00000198001	0.397	0.0769230769230769	0.2
ENSG00000147044	1.383	0.0384615384615385	0.28
ENSG00000256060	0.132	0.0769230769230769	0.04
ENSG00000117020	0.046	0.192307692307692	0.2
ENSG00000163297	0.267	0.0384615384615385	0.36
ENSG00000077585	0.015	0	0
ENSG00000282826	0.194	0.115384615384615	0.24
ENSG00000068796	0.692	0.423076923076923	0.4
ENSG00000167286	0.007	0.0769230769230769	0
ENSG00000152518	3.563	8.34615384615385	4.16
ENSG00000117091	0.032	1.34615384615385	0
ENSG00000277734	0.007	0.0384615384615385	0
ENSG00000124575	0.226	0.730769230769231	0
ENSG00000155926	0.103	1.80769230769231	0.08
ENSG00000168421	0.011	0.538461538461538	0
ENSG00000141232	3.497	0.576923076923077	0.32
ENSG00000134242	0.006	0.384615384615385	0
ENSG00000177954	123.157	17.3461538461538	44.12
ENSG00000171791	0.121	0.769230769230769	0.04
ENSG00000075884	0.008	0.230769230769231	0
ENSG00000156482	83.597	11.7307692307692	30.72
ENSG00000187239	0.126	0.576923076923077	0.28
ENSG00000168234	0.14	0.0769230769230769	0.16
ENSG00000134516	0.051	0.307692307692308	0
ENSG00000100092	0.066	0.346153846153846	0.08
ENSG00000126804	0.389	0.346153846153846	0.12
ENSG00000089820	0.094	0.0769230769230769	0
ENSG00000141968	0.015	0.0769230769230769	0
ENSG00000267680	0.128	0.115384615384615	0.04
ENSG00000135899	0.506	0.115384615384615	0.24
ENSG00000011523	0.131	0	0.12
ENSG00000143772	0.157	0.115384615384615	0
ENSG00000152409	0.406	0.115384615384615	0.08
ENSG00000166128	0.184	0.423076923076923	1
ENSG00000085274	0.417	0.0384615384615385	0
ENSG00000204287	9.795	0.307692307692308	0.08
ENSG00000090382	0.496	0.153846153846154	0.04
ENSG00000260314	0.223	0.153846153846154	0.04
ENSG00000177575	0.539	0.115384615384615	0.08
ENSG00000019582	23.807	1.15384615384615	0.96
ENSG00000173369	0.798	0.269230769230769	0.36
ENSG00000173372	0.486	0.153846153846154	0.32
ENSG00000231389	7.017	0.346153846153846	0.6
ENSG00000223865	5.849	0.269230769230769	0.48
ENSG00000090104	0.064	0.576923076923077	0
ENSG00000110077	0.087	0.0384615384615385	0.08
ENSG00000169508	0.117	0.0384615384615385	0.04
ENSG00000159189	0.176	0.0769230769230769	0.08
ENSG00000011600	0.475	4.11538461538461	0.08
ENSG00000170458	0.326	0.0769230769230769	0.12
ENSG00000155659	0.231	0	0.08
ENSG00000118515	2.714	0.0384615384615385	0.4
ENSG00000162511	0.368	1	0.04
ENSG00000132965	0.195	1.30769230769231	0.16
ENSG00000143110	0.193	0.576923076923077	0.04
ENSG00000196126	2.728	0	0.12
ENSG00000130844	0.662	1	0.4
ENSG00000233276	16.406	0.653846153846154	4.68
ENSG00000026025	2.855	1.53846153846154	33.72
ENSG00000204472	0.256	0.192307692307692	0.08
ENSG00000143226	0.129	0	0
ENSG00000113070	3.76	0.115384615384615	0.08
ENSG00000042493	2.335	0.0769230769230769	0.04
ENSG00000164733	4.191	0.307692307692308	0.76
ENSG00000197405	0.305	0	0
ENSG00000165168	0.122	0.0384615384615385	0
ENSG00000136167	0.193	2.61538461538462	0
ENSG00000172243	0.076	0	0.04
ENSG00000160255	0.1	2.61538461538462	0
ENSG00000166927	0.129	0.0384615384615385	0
ENSG00000163131	2.673	0.769230769230769	0.12
ENSG00000112149	3.934	0.0769230769230769	0.2
ENSG00000178695	0.667	0.0384615384615385	0.68
ENSG00000120594	0.057	0	0.72
ENSG00000164105	0.367	0	0.2
ENSG00000103490	0.915	0.423076923076923	0.16
ENSG00000025708	3.105	0.0384615384615385	1.64
ENSG00000204482	0.108	0	0
ENSG00000101347	0.543	0.576923076923077	0.92
ENSG00000180353	0.102	0.653846153846154	0
ENSG00000038945	0.085	0.0384615384615385	0.04
ENSG00000120708	0.294	0	0.16
ENSG00000101439	16.78	0.692307692307692	24.44
ENSG00000204257	2.552	0.153846153846154	0.16
ENSG00000101160	3.671	0.192307692307692	0.64
ENSG00000051523	3.694	9.76923076923077	2.72
ENSG00000116701	0.054	0	0
ENSG00000119900	1.046	0.230769230769231	0.16
ENSG00000182578	0.048	0	0.04
ENSG00000030582	2.765	0.346153846153846	1.08
ENSG00000168461	1.288	0	0.44
ENSG00000143119	0.106	2.34615384615385	0
ENSG00000124491	0.015	0	0.2
ENSG00000102879	0.084	2.23076923076923	0.04
ENSG00000124882	0.352	0.0769230769230769	0.04
ENSG00000112715	4.081	0.115384615384615	1.44
ENSG00000153234	1.82	3.65384615384615	1.92
ENSG00000196154	4.811	7.73076923076923	9.2
ENSG00000258227	0.007	0	0
ENSG00000130592	0.046	1.5	0.12
ENSG00000171860	0.078	0.0769230769230769	0
ENSG00000095970	0.022	0	0
ENSG00000185477	0.139	0.692307692307692	0
ENSG00000066336	0.155	0.115384615384615	0
ENSG00000176845	0.703	1.84615384615385	0.92
ENSG00000131238	1.609	0.153846153846154	0.36
ENSG00000059377	0.073	0.384615384615385	0.04
ENSG00000131236	4.395	1.42307692307692	1.64
ENSG00000119508	0.323	0.423076923076923	0.12
ENSG00000146376	0.675	0.0769230769230769	0.16
ENSG00000168214	2.496	0.346153846153846	1.2
ENSG00000130303	0.226	0.769230769230769	0.72
ENSG00000103187	0.265	0	0.72
ENSG00000042753	5.596	0.5	1.96
ENSG00000026508	7.915	0.5	3.36
ENSG00000186480	5.601	0.192307692307692	0.32
ENSG00000169413	0.04	0	0
ENSG00000176597	0.681	0	0
ENSG00000142227	3.02	1.61538461538462	6
ENSG00000131724	1.689	0	0.52
ENSG00000173391	0.095	0.0384615384615385	0.04
ENSG00000145416	0.023	0	0
ENSG00000139278	0.087	0.538461538461538	0.64
ENSG00000068305	1.219	0.0769230769230769	0.04
ENSG00000072694	0.001	0.0384615384615385	0
ENSG00000197746	5.811	0.846153846153846	3.36
ENSG00000115355	0.615	0	0.32
ENSG00000096060	4.581	0.807692307692308	1.6
ENSG00000104870	2.594	0.0769230769230769	1.44
ENSG00000010327	0.157	0.0384615384615385	0.08
ENSG00000005020	0.391	0.5	0.56
ENSG00000109099	0.235	0	4.8
ENSG00000113648	5.853	0.423076923076923	0.96
ENSG00000153071	0.596	0.192307692307692	2.2
ENSG00000163734	15.4	0.269230769230769	3.24
ENSG00000111817	0.124	0	0.4
ENSG00000162704	5.743	1.73076923076923	2.04
ENSG00000213719	10.087	3.11538461538462	4.24
ENSG00000138071	6.181	1.42307692307692	1.36
ENSG00000159840	0.638	0.269230769230769	0.92
ENSG00000183696	1.452	0.846153846153846	0.4
ENSG00000204103	0.917	0.0769230769230769	0.36
ENSG00000167613	0.114	0.269230769230769	0
ENSG00000198053	0.037	0.0384615384615385	0.24
ENSG00000142669	6.536	6.03846153846154	4.04
ENSG00000124942	6.221	0.923076923076923	2.6
ENSG00000137076	2.987	1.69230769230769	2.04
ENSG00000123338	0.057	0.384615384615385	0
ENSG00000165312	0.559	0	0.4
ENSG00000127951	0.049	0.269230769230769	0
ENSG00000112394	0.364	0	0
ENSG00000166340	1.055	0.230769230769231	0.2
ENSG00000173221	1.367	0.884615384615385	1.24
ENSG00000124831	9.192	1.23076923076923	0.44
ENSG00000165140	3.951	0.0384615384615385	0.08
ENSG00000091317	2.245	0.5	0.36
ENSG00000169896	0.054	0.269230769230769	0.04
ENSG00000169756	2.601	0.307692307692308	0.72
ENSG00000115310	8.929	0.615384615384615	6.6
ENSG00000242574	0.245	0	0
ENSG00000135535	3.481	1.19230769230769	1.32
ENSG00000138670	0.264	0.538461538461538	0.04
ENSG00000273749	1.657	0	0.28
ENSG00000035862	0.704	0.0384615384615385	2.4
ENSG00000114013	0.01	0	0
ENSG00000165025	0.575	0.0769230769230769	0
ENSG00000147649	11.469	1.42307692307692	4.24
ENSG00000111348	1.862	2.65384615384615	0.28
ENSG00000135077	0.04	1.19230769230769	0
ENSG00000125249	0.487	0.115384615384615	0.24
ENSG00000156052	4.203	0.0384615384615385	0.76
ENSG00000120963	2.083	0.307692307692308	1.2
ENSG00000132334	2.917	0.692307692307692	0.28
ENSG00000123095	0.006	0	0.44
ENSG00000141526	0.437	0.461538461538462	0.08
ENSG00000164111	11.213	0.0384615384615385	6.8
ENSG00000130429	5.149	1.03846153846154	1.32
ENSG00000161835	0.092	0.615384615384615	0.16
ENSG00000027697	1.648	1.11538461538462	0.64
ENSG00000067900	2.77	0.846153846153846	0.72
ENSG00000106066	0.039	0.0384615384615385	0
ENSG00000159216	2.131	0.153846153846154	1.36
ENSG00000128245	3.51	0.0769230769230769	1.28
ENSG00000140678	0.092	0.230769230769231	0.08
ENSG00000054277	0.161	0	0.04
ENSG00000163466	18.525	3.88461538461538	3.52
ENSG00000120063	0.479	0.346153846153846	0.12
ENSG00000136826	2.079	0.0384615384615385	2.68
ENSG00000204389	18.874	0.884615384615385	13.56
ENSG00000147416	0.953	0.153846153846154	0.36
ENSG00000137845	1.266	0.615384615384615	0.44
ENSG00000159128	0.852	0.0384615384615385	0.32
ENSG00000166598	27.927	2.03846153846154	17.52
ENSG00000111679	0.385	0.346153846153846	0.04
ENSG00000184922	0.075	0.846153846153846	0
ENSG00000148834	4.015	0.423076923076923	2.2
ENSG00000102144	8.963	0.769230769230769	2.6
ENSG00000161921	2.562	0.0384615384615385	0.2
ENSG00000080824	74.241	8.15384615384615	22.72
ENSG00000135905	0.019	0.346153846153846	0.04
ENSG00000112531	2.267	0.653846153846154	1.16
ENSG00000166068	1.085	0.0384615384615385	0.24
ENSG00000110651	11.79	1.30769230769231	8.6
ENSG00000183023	0.013	0	0.04
ENSG00000160593	0.045	0.0384615384615385	0
ENSG00000118855	0.947	0.153846153846154	0.44
ENSG00000145390	1.277	0.0769230769230769	1.92
ENSG00000051108	5.383	0.269230769230769	1.84
ENSG00000105329	0.209	1.38461538461538	0.44
ENSG00000100644	3.594	0.307692307692308	3.64
ENSG00000198668	25.363	6.92307692307692	5.08
ENSG00000155465	0.065	0	0.16
ENSG00000136867	0.196	0.0769230769230769	0
ENSG00000145703	0.072	1.23076923076923	0
ENSG00000086730	0.015	0.461538461538462	0.04
ENSG00000115091	4.421	1.30769230769231	1.72
ENSG00000082898	3.16	0.384615384615385	0.88
ENSG00000117410	8.867	0.538461538461538	2.52
ENSG00000134287	3.062	0.307692307692308	0.72
ENSG00000072274	3.034	0.192307692307692	1.64
ENSG00000178726	0.313	0.0384615384615385	0.08
ENSG00000184060	0.332	0	0
ENSG00000205302	1.927	0.153846153846154	0.64
ENSG00000149781	0.081	0.576923076923077	0
ENSG00000110079	0.095	0.0384615384615385	0
ENSG00000113269	0.859	0.192307692307692	0.28
ENSG00000150347	1.708	0.461538461538462	1.64
ENSG00000131504	3.689	0.653846153846154	0.8
ENSG00000129128	6.01	1	2.52
ENSG00000012779	0.076	0	0.08
ENSG00000114450	0.283	0	0.36
ENSG00000143322	0.78	0.192307692307692	0.44
ENSG00000105401	3.776	0.615384615384615	1.84
ENSG00000169032	0.835	0.153846153846154	0.16
ENSG00000130313	3.557	0.384615384615385	0.88
ENSG00000203668	0.396	0.0384615384615385	0.08
ENSG00000150782	1.476	0.192307692307692	0.04
ENSG00000177885	1.978	0.615384615384615	0.68
ENSG00000138801	0.976	0.0769230769230769	0.24
ENSG00000152229	0.182	0.0769230769230769	0
ENSG00000152291	3.123	0.884615384615385	1.4
ENSG00000140497	2.79	0.269230769230769	0.68
ENSG00000120162	0.019	0	0.16
ENSG00000247596	0.504	0.307692307692308	0.52
ENSG00000106546	2.629	0	0.52
ENSG00000128815	0.006	0	0.04
ENSG00000129534	1.099	0.346153846153846	0.08
ENSG00000134243	2.109	0.0384615384615385	0.04
ENSG00000257764	0.058	0.0384615384615385	0.04
ENSG00000182372	0.749	0.153846153846154	0.28
ENSG00000120280	0.003	0	0
ENSG00000087253	0.311	0	0.12
ENSG00000086300	0.105	0.115384615384615	0.04
ENSG00000171659	0.007	0	0
ENSG00000179820	1.658	0.269230769230769	1.2
ENSG00000077549	4.344	0.884615384615385	1.84
ENSG00000150337	0.019	0	0
ENSG00000178209	0.833	0.346153846153846	0.72
ENSG00000147872	3.974	0.307692307692308	0.92
ENSG00000134982	0.911	0.153846153846154	0.16
ENSG00000177189	3.19	0.384615384615385	0.4
ENSG00000132205	0.176	0.0384615384615385	0.08
ENSG00000111229	10.348	2.03846153846154	2.76
ENSG00000168906	2.947	0.384615384615385	1.96
ENSG00000239697	0.357	0.307692307692308	0.24
ENSG00000071537	1.159	0.230769230769231	0.48
ENSG00000070831	7.07	2.19230769230769	2.12
ENSG00000187474	0.015	0	0
ENSG00000139132	1.593	0	0.08
ENSG00000138166	0.359	0.115384615384615	0.24
ENSG00000169895	3.271	0.769230769230769	0.76
ENSG00000064601	1.527	0.153846153846154	0.8
ENSG00000172757	23.88	5.76923076923077	10.08
ENSG00000091527	6.541	1.26923076923077	2.44
ENSG00000130775	0.043	0.576923076923077	0
ENSG00000179583	0.154	0	0
ENSG00000084754	3.932	0.384615384615385	1.68
ENSG00000118785	0.15	0.0384615384615385	0.08
ENSG00000186517	0.072	0.576923076923077	0
ENSG00000182287	0.63	0.153846153846154	0.12
ENSG00000168675	0.021	0.0384615384615385	0.16
ENSG00000116489	2.97	0.461538461538462	0.64
ENSG00000145685	0.339	0.0384615384615385	0.28
ENSG00000112799	0.018	0	0
ENSG00000049860	1.081	0.153846153846154	1.16
ENSG00000170540	2.305	0.538461538461538	0.4
ENSG00000148908	0.063	0.0384615384615385	0.32
ENSG00000138185	0.019	0	0.08
ENSG00000243449	0.767	0.230769230769231	0.24
ENSG00000177426	1.163	0.192307692307692	0.2
ENSG00000106799	0.467	0.192307692307692	0.24
ENSG00000176978	3.433	0.576923076923077	1.4
ENSG00000188641	2.291	0.192307692307692	0.64
ENSG00000143870	13.296	0.769230769230769	5.92
ENSG00000101265	0.056	0	0.12
ENSG00000198833	1.779	0.230769230769231	0.48
ENSG00000126860	0.031	0.0769230769230769	0
ENSG00000186417	0.055	0	0
ENSG00000169385	0.038	0	0
ENSG00000169967	2.034	0.192307692307692	0.44
ENSG00000131446	1.522	0.153846153846154	0.56
ENSG00000170027	2.648	0.384615384615385	1.2
ENSG00000079215	0.042	0	0.12
ENSG00000012061	1.048	0.192307692307692	0.88
ENSG00000137393	0.584	0.0384615384615385	0.04
ENSG00000101367	1.877	0.346153846153846	0.68
ENSG00000180509	0.376	0.0769230769230769	0
ENSG00000075785	4.713	0.5	1.72
ENSG00000135090	3.588	0.692307692307692	0.2
ENSG00000145050	6.704	0.538461538461538	4.04
ENSG00000147010	2.016	0.692307692307692	0.48
ENSG00000131171	1.409	0.538461538461538	0.32
ENSG00000131507	3.41	0.615384615384615	1.44
ENSG00000069329	2.629	0.230769230769231	0.48
ENSG00000143344	0.368	0	0.2
ENSG00000180370	2.775	1.26923076923077	0.6
ENSG00000172922	2.157	0.384615384615385	1.52
ENSG00000108518	25.279	7.69230769230769	9.76
ENSG00000151694	1.172	0.115384615384615	0.48
ENSG00000198843	3.23	0.230769230769231	0.88
ENSG00000197063	1.396	0.0769230769230769	0.2
ENSG00000185896	4.142	0.423076923076923	1.4
ENSG00000216490	0.152	0	0
ENSG00000141867	2.798	0.269230769230769	0.84
ENSG00000164924	8.945	2.11538461538462	2.32
ENSG00000115919	0.03	0	0
ENSG00000102007	5.341	0.307692307692308	1.84
ENSG00000197535	0.283	0.115384615384615	0.04
ENSG00000111252	0.087	0.153846153846154	0.04
ENSG00000130640	1.642	0.192307692307692	0.6
ENSG00000154122	0.598	0.153846153846154	0.28
ENSG00000138964	0.041	0.346153846153846	0.04
ENSG00000156535	0.024	0.0384615384615385	0
ENSG00000122034	6.398	0.884615384615385	1.92
ENSG00000112406	0.405	0.192307692307692	0.04
ENSG00000160307	0.004	0.692307692307692	0
ENSG00000125772	1.149	0.423076923076923	0.28
ENSG00000161217	1.051	0.192307692307692	0.12
ENSG00000095015	0.278	0.0384615384615385	0
ENSG00000172716	0.017	0.0769230769230769	0.44
ENSG00000077380	2.424	0.230769230769231	1.08
ENSG00000114978	2.109	0.538461538461538	0.88
ENSG00000145833	3.744	1.30769230769231	0.84
ENSG00000071553	1.925	0.115384615384615	0.52
ENSG00000110446	0.125	0	0.12
ENSG00000170542	0.109	0.153846153846154	0.2
ENSG00000115762	2.838	0.192307692307692	0.28
ENSG00000196498	2.417	0.230769230769231	0.36
ENSG00000122877	0.191	0.115384615384615	0.08
ENSG00000185728	1.036	0.153846153846154	0.32
ENSG00000003056	2.815	0.576923076923077	0.84
ENSG00000132305	2.033	0.0769230769230769	0.48
ENSG00000093072	0.098	0.0384615384615385	0
ENSG00000132780	4.342	0.538461538461538	0.96
ENSG00000057608	4.241	0.307692307692308	1.88
ENSG00000105383	0.03	0	0
ENSG00000105698	1.526	0.307692307692308	0.28
ENSG00000109320	1.786	0.384615384615385	0.8
ENSG00000060558	0.299	0.0384615384615385	0
ENSG00000085662	0.199	0.0384615384615385	0.8
ENSG00000204252	0.134	0	0
ENSG00000130560	0.874	0.0384615384615385	0.28
ENSG00000111885	0.662	0.346153846153846	0.88
ENSG00000142748	0.546	0.0384615384615385	0.36
ENSG00000153922	1.788	0.730769230769231	0.44
ENSG00000090520	2.137	0.307692307692308	1.2
ENSG00000139083	0.641	0.153846153846154	0.2
ENSG00000130816	2.878	0.461538461538462	1.2
ENSG00000175582	1.879	0.423076923076923	0.48
ENSG00000126267	13.007	1.53846153846154	4.16
ENSG00000057252	1.111	0.269230769230769	0.84
ENSG00000136158	1.277	0	0.76
ENSG00000166595	6.979	0.615384615384615	2.2
ENSG00000164169	0.136	0.115384615384615	0.12
ENSG00000136868	1.624	0	0.32
ENSG00000104918	0.026	0	0
ENSG00000161929	0.024	0.0384615384615385	0
ENSG00000023191	6.469	0.461538461538462	2.32
ENSG00000122122	0.011	0.346153846153846	0
ENSG00000142188	1.759	0.153846153846154	0.56
ENSG00000167604	0.334	0.615384615384615	0.16
ENSG00000116473	2.465	0.538461538461538	0.56
ENSG00000137965	0.205	0	0.08
ENSG00000087266	0.281	0.115384615384615	0.28
ENSG00000137841	0.047	0.115384615384615	0
ENSG00000171488	0.075	0.192307692307692	0
ENSG00000167645	0.854	0.0384615384615385	0.44
ENSG00000205060	0.266	0.0384615384615385	0.4
ENSG00000077147	3.893	0.576923076923077	1.32
ENSG00000177674	1.658	0.615384615384615	0.68
ENSG00000134369	0.041	0	0.6
ENSG00000138744	0.118	0.0769230769230769	0.16
ENSG00000102531	1.544	0.230769230769231	0.68
ENSG00000162441	0.862	0.115384615384615	0.16
ENSG00000069424	0.059	0.461538461538462	0.04
ENSG00000105810	0.303	0.269230769230769	0.2
ENSG00000257923	3.075	0.269230769230769	1.04
ENSG00000121552	0.017	0	0.2
ENSG00000130309	0.576	0.0384615384615385	0.44
ENSG00000032444	0.602	0.115384615384615	0
ENSG00000182511	0.103	0.0384615384615385	0.08
ENSG00000136051	1.15	0.115384615384615	0.24
ENSG00000129450	0.005	0	0
ENSG00000166266	1.357	0.153846153846154	0.68
ENSG00000124357	0.922	0.192307692307692	0.52
ENSG00000122644	1.479	0.230769230769231	0.36
ENSG00000172578	0.035	0.0384615384615385	0
ENSG00000155463	2.332	0.192307692307692	0.6
ENSG00000067208	1.265	0	0.2
ENSG00000006831	1.413	0.153846153846154	0.2
ENSG00000033627	1.938	0	0.12
ENSG00000082212	1.369	0.230769230769231	0.44
ENSG00000146676	1.602	0.0769230769230769	0.48
ENSG00000164983	0.278	0.115384615384615	0.36
ENSG00000168003	3.521	0.576923076923077	2.24
ENSG00000147251	0.104	0.461538461538462	0.08
ENSG00000130340	0.049	0.0384615384615385	0.84
ENSG00000116815	0.372	0.269230769230769	0.12
ENSG00000108861	2.033	0	0.16
ENSG00000137491	0.07	0	0.04
ENSG00000015475	0.229	0.269230769230769	0.08
ENSG00000108262	0.405	0	0.04
ENSG00000145819	0.333	0.423076923076923	0.24
ENSG00000151702	0.033	0.230769230769231	0
ENSG00000196843	0.17	0.115384615384615	0.08
ENSG00000163156	0.376	0.192307692307692	0.12
ENSG00000108654	20.077	4.38461538461539	6.92
ENSG00000198951	0.243	0.0769230769230769	0.16
ENSG00000143079	0.415	0	0.12
ENSG00000262246	0.167	0.0769230769230769	0.04
ENSG00000135956	0.576	0.153846153846154	0.28
ENSG00000102032	0.174	0.115384615384615	0
ENSG00000120265	2.712	0.0769230769230769	0.84
ENSG00000138385	5.033	0.538461538461538	2.96
ENSG00000082397	0.358	0	0.44
ENSG00000197629	0.064	0	0
ENSG00000257103	1.912	0.307692307692308	0.52
ENSG00000131401	0.027	0	0
ENSG00000066322	2.137	0.153846153846154	0.52
ENSG00000131759	0.42	0.0384615384615385	0.12
ENSG00000142867	0.755	0.0384615384615385	0.24
ENSG00000157227	0.142	0.0384615384615385	0.84
ENSG00000099246	1.862	0.615384615384615	0.44
ENSG00000143222	3.449	0.884615384615385	1.4
ENSG00000211455	0.315	0.115384615384615	0.2
ENSG00000166825	0.056	0	0.08
ENSG00000172661	0.448	0.153846153846154	0.44
ENSG00000101191	0.623	0.307692307692308	0.24
ENSG00000182796	0.168	0.115384615384615	0
ENSG00000132170	0.167	0	0
ENSG00000118292	0.04	0	0.24
ENSG00000105967	0.018	0	0
ENSG00000183087	0.338	0	0.52
ENSG00000119977	0.572	0.230769230769231	0.4
ENSG00000142197	0.19	0	0
ENSG00000145335	0.018	0	0
ENSG00000121210	0.286	0.153846153846154	0.08
ENSG00000088256	1.935	0	0.2
ENSG00000129353	1.985	0.307692307692308	0.16
ENSG00000180304	1.488	0.0384615384615385	0.44
ENSG00000114383	1.795	0.153846153846154	0.4
ENSG00000138078	1.968	0.0769230769230769	0.24
ENSG00000144724	2.41	0.0384615384615385	0.8
ENSG00000121900	2.109	0.0384615384615385	0.32
ENSG00000152700	2.083	0.153846153846154	0.72
ENSG00000100575	1.4	0.230769230769231	0.44
ENSG00000112146	2.326	0.461538461538462	0.52
ENSG00000197223	1.402	0.230769230769231	0.52
ENSG00000183864	2.26	0.115384615384615	0.44
ENSG00000170876	1.894	0.192307692307692	0.76
ENSG00000103260	1.435	0.269230769230769	0.92
ENSG00000151239	1.523	0.153846153846154	0.64
ENSG00000198692	2.027	0.0384615384615385	0.4
ENSG00000115523	0.175	26.2692307692308	0
ENSG00000275302	0.466	83.5769230769231	0
ENSG00000105374	0.013	18.3461538461538	0
ENSG00000100453	0.008	11	0
ENSG00000277632	0.146	41.7307692307692	0.04
ENSG00000180644	0.003	9.07692307692308	0
ENSG00000134539	0.016	6.84615384615385	0
ENSG00000158050	0.506	10.6538461538462	0.04
ENSG00000110848	0.051	12.6923076923077	0.04
ENSG00000145649	0.006	5.23076923076923	0
ENSG00000172543	0.024	4.15384615384615	0
ENSG00000077984	0.012	5.57692307692308	0
ENSG00000188042	0.62	5.84615384615385	0.24
ENSG00000271503	0.021	6.38461538461539	0
ENSG00000203747	0.101	3.96153846153846	0.04
ENSG00000126264	0.174	5.11538461538461	0.04
ENSG00000159674	0.011	3.38461538461538	1.48
ENSG00000145287	0.1	3.11538461538462	0
ENSG00000169554	0.151	3.30769230769231	1
ENSG00000088179	0.938	1.88461538461538	0
ENSG00000111796	0.001	1.88461538461538	0
ENSG00000128340	0.073	2.84615384615385	0
ENSG00000115232	0.027	1.92307692307692	0.04
ENSG00000020633	0.013	1.92307692307692	0
ENSG00000135048	1.894	2.5	0.36
ENSG00000129968	1.643	2.76923076923077	0.64
ENSG00000010810	0.049	1.84615384615385	0.44
ENSG00000140030	0.018	1.96153846153846	0
ENSG00000125347	2.941	3.73076923076923	2.72
ENSG00000111670	1.833	1.92307692307692	0.44
ENSG00000110934	0.015	1.76923076923077	0
ENSG00000145675	0.68	3.15384615384615	3
ENSG00000110852	0.086	2.15384615384615	0.24
ENSG00000054654	2.403	3.19230769230769	0.16
ENSG00000197622	1.004	1.57692307692308	0.32
ENSG00000149311	0.807	1.46153846153846	0.16
ENSG00000154451	0.002	1	0
ENSG00000247774	0.022	1.53846153846154	0
ENSG00000175463	0.011	1	0
ENSG00000168209	0.637	2.57692307692308	0.48
ENSG00000234745	10.357	12.3076923076923	2.52
ENSG00000101474	1.252	1.80769230769231	0.28
ENSG00000141682	2.08	1.92307692307692	0
ENSG00000239713	0.024	1.03846153846154	0.08
ENSG00000235162	0.05	1	0.08
ENSG00000150867	0.292	1.42307692307692	0.24
ENSG00000197471	0.025	1.11538461538462	0
ENSG00000265206	0.011	1.03846153846154	0
ENSG00000134215	0.012	0.923076923076923	0
ENSG00000147168	0.005	1.03846153846154	0
ENSG00000280138	3.385	2.38461538461538	0.2
ENSG00000136490	0.035	1.34615384615385	0.04
ENSG00000101695	0.024	0.807692307692308	0
ENSG00000276070	0.053	3.80769230769231	0.04
ENSG00000117280	0.697	0.923076923076923	0.08
ENSG00000175567	0.736	0.923076923076923	0
ENSG00000005844	0.015	0.692307692307692	0
ENSG00000187118	1.686	1.61538461538462	0.4
ENSG00000173821	3.426	2.34615384615385	0.52
ENSG00000104894	0.068	1.26923076923077	0.04
ENSG00000206503	16.224	13.9615384615385	7.36
ENSG00000186088	0.807	0.807692307692308	0
ENSG00000140968	0.028	0.692307692307692	0
ENSG00000117616	2.665	2.42307692307692	1.04
ENSG00000007264	0.008	0.653846153846154	0
ENSG00000027075	0.224	1	0.08
ENSG00000160305	0.55	0.769230769230769	0.24
ENSG00000127314	2.449	2.57692307692308	0.92
ENSG00000197536	0.363	0.653846153846154	0.04
ENSG00000114423	0.234	0.884615384615385	0.32
ENSG00000175066	0.742	0.692307692307692	0.12
ENSG00000112576	2.805	1.61538461538462	0.48
ENSG00000162777	0.872	0.846153846153846	0
ENSG00000148019	0.55	0.730769230769231	0.04
ENSG00000204525	5.855	5.57692307692308	2.68
ENSG00000147443	0.028	0.730769230769231	0
ENSG00000109787	1.585	1.11538461538462	0.68
ENSG00000048740	6.48	1.80769230769231	0.88
ENSG00000255112	1.228	1	0.24
ENSG00000105856	0.981	0.846153846153846	0.16
ENSG00000108669	1.087	0.846153846153846	0
ENSG00000205413	0.162	0.615384615384615	0.16
ENSG00000134107	2.969	1.65384615384615	0.4
ENSG00000136286	0.221	0.615384615384615	0
ENSG00000068028	0.58	0.692307692307692	0.56
ENSG00000164691	0.011	0.692307692307692	0
ENSG00000186566	1.157	0.846153846153846	0.56
ENSG00000143443	0.311	0.615384615384615	0.24
ENSG00000160218	0.756	0.730769230769231	0.12
ENSG00000274012	0.767	0.884615384615385	0.72
ENSG00000117748	0.799	0.615384615384615	0.24
ENSG00000166710	52.932	46.9230769230769	24.56
ENSG00000003400	0.501	0.461538461538462	0.04
ENSG00000137193	0.713	0.807692307692308	0.96
ENSG00000075234	0.337	0.5	0.08
ENSG00000197061	10.497	2.38461538461538	1.56
ENSG00000025293	1.371	0.961538461538462	0.48
ENSG00000072786	0.072	0.807692307692308	0.04
ENSG00000285410	0.613	0.807692307692308	0.28
ENSG00000142765	0.724	0.5	0.08
ENSG00000167851	0.018	0.461538461538462	0
ENSG00000135250	1.298	0.769230769230769	0.4
ENSG00000114126	0.715	0.576923076923077	0.28
ENSG00000023892	0.035	0.423076923076923	0
ENSG00000168918	0.018	0.461538461538462	0
ENSG00000160219	0.152	0.538461538461538	0.04
ENSG00000187764	0.152	0.615384615384615	0
ENSG00000135976	0.25	0.461538461538462	0
ENSG00000147601	0.92	0.653846153846154	0.6
ENSG00000204397	0.231	0.769230769230769	0.24
ENSG00000068831	0.011	0.423076923076923	0.04
ENSG00000132819	0.273	0.461538461538462	0.08
ENSG00000220205	2.283	1.07692307692308	0.52
ENSG00000131051	7.741	3.61538461538462	2.88
ENSG00000162654	0.041	0.423076923076923	0.16
ENSG00000106003	0.046	0.461538461538462	0
ENSG00000139722	1.297	0.923076923076923	0.08
ENSG00000206337	0.196	0.461538461538462	0.04
ENSG00000100242	0.784	0.923076923076923	0.44
ENSG00000221821	0.347	0.423076923076923	0.08
ENSG00000184182	0.945	0.615384615384615	0.44
ENSG00000142875	0.045	0.538461538461538	0.24
ENSG00000268001	0.036	0.423076923076923	0
ENSG00000176624	0.311	0.384615384615385	0.04
ENSG00000213203	0.024	0.461538461538462	0.04
ENSG00000040933	0.275	0.384615384615385	0.08
ENSG00000154217	0.074	0.461538461538462	0.16
ENSG00000071073	0.513	0.576923076923077	0
ENSG00000213445	0.318	0.576923076923077	0.12
ENSG00000108798	0.018	0.423076923076923	0
ENSG00000110031	0.093	0.269230769230769	0.04
ENSG00000248124	0.157	0.5	0.04
ENSG00000187688	0.026	0.346153846153846	0.04
ENSG00000100425	0.545	0.653846153846154	0.24
ENSG00000117614	2.17	1.23076923076923	0.64
ENSG00000166974	0.479	0.5	0.24
ENSG00000104447	0.088	0.384615384615385	0.44
ENSG00000104964	5.729	2.11538461538462	1.88
ENSG00000100599	0.127	0.346153846153846	0.04
ENSG00000158717	0.244	0.423076923076923	0.08
ENSG00000133561	0.016	0.307692307692308	0
ENSG00000091592	0.013	0.307692307692308	0.04
ENSG00000205189	0.979	0.5	0.16
ENSG00000104957	0.41	0.307692307692308	0.32
ENSG00000109220	0.318	0.346153846153846	0.28
ENSG00000136213	0.398	0.461538461538462	0.2
ENSG00000112079	0.463	0.538461538461538	0.12
ENSG00000163608	0.395	0.346153846153846	0.4
ENSG00000125354	0.167	0.5	0.04
ENSG00000172795	0.48	0.461538461538462	0.36
ENSG00000160908	0.403	0.346153846153846	0.08
ENSG00000174839	0.401	0.346153846153846	0.08
ENSG00000105851	0.002	0.153846153846154	0
ENSG00000140367	0.313	0.346153846153846	0.32
ENSG00000213903	0.09	0.269230769230769	0
ENSG00000089041	0.057	0.153846153846154	0.04
ENSG00000100321	0.01	0.307692307692308	0.52
ENSG00000229989	0.058	0.230769230769231	0.12
ENSG00000100030	2.955	0.807692307692308	0.48
ENSG00000180376	0.645	0.461538461538462	0.28
ENSG00000028277	0.031	0.346153846153846	0
ENSG00000141664	0.469	0.307692307692308	0.2
ENSG00000130811	5.205	2	2.36
ENSG00000144711	0.273	0.346153846153846	0.04
ENSG00000129675	0.013	0.192307692307692	0.04
ENSG00000085788	0.407	0.230769230769231	0.04
ENSG00000100060	0.029	0.192307692307692	0
ENSG00000141506	0.028	0.230769230769231	0
ENSG00000114770	0.217	0.192307692307692	0.08
ENSG00000271601	0.18	0.307692307692308	0.28
ENSG00000169499	0.14	0.384615384615385	0.2
ENSG00000163947	0.453	0.461538461538462	0.08
ENSG00000260708	0.44	0.230769230769231	0.04
ENSG00000113391	0.579	0.5	0.24
ENSG00000087206	0.496	0.307692307692308	0.2
ENSG00000177548	0.37	0.230769230769231	0.12
ENSG00000182957	0.415	0.346153846153846	0.16
ENSG00000175573	0.268	0.153846153846154	0.08
ENSG00000204261	0.132	0.192307692307692	0
ENSG00000170340	0.541	0.307692307692308	0.04
ENSG00000162636	0.067	0.230769230769231	0.16
ENSG00000204161	0.023	0.192307692307692	0.04
ENSG00000164305	0.415	0.230769230769231	0.08
ENSG00000135205	0.036	0.0769230769230769	0.04
ENSG00000139719	0.295	0.153846153846154	0.04
ENSG00000146083	0.264	0.230769230769231	0
ENSG00000006459	0.425	0.153846153846154	0.08
ENSG00000205269	0.154	0.0769230769230769	0
ENSG00000123689	1.467	0.0384615384615385	0.52
ENSG00000143546	0.598	0.153846153846154	0.2
ENSG00000163220	14.114	0.384615384615385	0.64
ENSG00000115590	0.125	0	0.08
ENSG00000140379	0.093	0.461538461538462	0.04
ENSG00000163221	0.059	0	0
ENSG00000119535	4.005	0.0384615384615385	0.12
ENSG00000171051	0.121	0	0
ENSG00000105835	5.882	0.153846153846154	6.6
ENSG00000115956	0.118	1.61538461538462	0
ENSG00000176788	0.066	0	0.08
ENSG00000155307	0.125	0.576923076923077	0
ENSG00000169429	19.707	0.0769230769230769	0.32
ENSG00000112096	19.877	0.153846153846154	15.2
ENSG00000125538	0.092	0.0384615384615385	0.04
ENSG00000163563	0.084	0.0384615384615385	0
ENSG00000185201	22.441	3.73076923076923	14.92
ENSG00000115271	0.817	0	0.12
ENSG00000059728	0.649	0.576923076923077	0
ENSG00000147454	2.007	0.230769230769231	2
ENSG00000189067	2.014	2.5	3.16
ENSG00000137642	0.682	0.5	0.08
ENSG00000111913	1.487	1.34615384615385	0
ENSG00000103569	0.052	0.0769230769230769	0
ENSG00000163162	0.991	0.423076923076923	0.36
ENSG00000112303	0.004	0.0769230769230769	0.04
ENSG00000099985	0.044	0.307692307692308	0
ENSG00000116679	1.486	1.57692307692308	0.2
ENSG00000081237	0.124	5.65384615384615	0
ENSG00000140749	0.053	0.0384615384615385	0
ENSG00000124731	0.492	0.0769230769230769	0.08
ENSG00000224397	0.063	0.0769230769230769	0.04
ENSG00000082074	0.065	1.65384615384615	0
ENSG00000185862	0.035	0.423076923076923	0.08
ENSG00000059804	1.738	1.07692307692308	1.04
ENSG00000166523	0.021	0	0
ENSG00000171049	0.037	0	0
ENSG00000136689	0.108	0	0.04
ENSG00000204577	0.093	0.115384615384615	0
ENSG00000248323	0.165	0.0384615384615385	0.08
ENSG00000163191	38.116	1.92307692307692	17.04
ENSG00000239948	0.222	0	0.08
ENSG00000127507	0.033	0	0
ENSG00000084070	0.914	1.34615384615385	0.16
ENSG00000279838	0.134	0.0384615384615385	0
ENSG00000135842	0.789	0.192307692307692	0.36
ENSG00000151726	4.274	0.115384615384615	0.48
ENSG00000203710	0.007	0	0
ENSG00000183019	0.08	0.0384615384615385	0
ENSG00000118503	11.328	5.88461538461539	3.64
ENSG00000142347	0.069	0.692307692307692	0
ENSG00000100906	57.015	10.6538461538462	14.92
ENSG00000090376	0.916	0.0769230769230769	0.64
ENSG00000196352	12.383	1.73076923076923	0.64
ENSG00000043462	0.086	0.307692307692308	0
ENSG00000185950	0.933	0.384615384615385	0.08
ENSG00000170525	1.363	0.153846153846154	0.12
ENSG00000090238	1.292	0.5	0.04
ENSG00000137331	12.665	1.11538461538462	18.04
ENSG00000184588	0.082	0.115384615384615	0.04
ENSG00000101336	0.045	0	0.04
ENSG00000137575	3.68	0.692307692307692	0.92
ENSG00000130755	0.112	1.34615384615385	0.08
ENSG00000164463	1.482	0.615384615384615	0.16
ENSG00000171236	1.313	0	0
ENSG00000101596	1.68	0.884615384615385	0.48
ENSG00000011198	4.109	0.153846153846154	0.6
ENSG00000213654	0.11	1	0
ENSG00000100368	0.017	0	0
ENSG00000172216	10.404	2.69230769230769	7.68
ENSG00000125505	1.025	0.0769230769230769	0.12
ENSG00000134755	0.383	0	0
ENSG00000100365	0.047	0.0384615384615385	0
ENSG00000146592	0.025	0	0.36
ENSG00000177105	0.946	0.538461538461538	0.32
ENSG00000100504	0.455	0	0.44
ENSG00000107738	0.184	0.346153846153846	0.2
ENSG00000198736	1.028	0.115384615384615	0.2
ENSG00000129355	0.218	0.615384615384615	0
ENSG00000114626	0.155	0.192307692307692	0.12
ENSG00000136040	0.05	0	0.04
ENSG00000170006	0.547	0.0384615384615385	0.04
ENSG00000103381	0.243	0.0384615384615385	0.04
ENSG00000072401	0.725	0.0384615384615385	0.2
ENSG00000173559	1.901	0.576923076923077	0.44
ENSG00000196549	0.01	0	0
ENSG00000274008	0.014	0.153846153846154	0
ENSG00000115828	0.024	0	0.08
ENSG00000136869	0.039	0	0
ENSG00000073756	2.532	0	3.28
ENSG00000183486	0.038	0.115384615384615	0
ENSG00000148926	0.129	0.0384615384615385	1.88
ENSG00000197329	2.48	0.192307692307692	0.04
ENSG00000000938	0.101	0.384615384615385	0.04
ENSG00000124126	0.036	0.730769230769231	0.04
ENSG00000181631	0.003	0	0
ENSG00000169180	1.196	0.346153846153846	0.36
ENSG00000154589	0.063	0	0.2
ENSG00000140941	3.791	0.730769230769231	0.64
ENSG00000140350	4.564	0.653846153846154	1
ENSG00000227507	0.006	0.346153846153846	0
ENSG00000132510	3.29	1.03846153846154	1.96
ENSG00000101307	0.007	0	0
ENSG00000136156	8.728	1.84615384615385	6.52
ENSG00000249437	0.094	0.0384615384615385	0.04
ENSG00000187116	0.012	0	0
ENSG00000177663	0.301	0.0769230769230769	0.12
ENSG00000123329	0.023	0.538461538461538	0
ENSG00000087157	0.923	0	0.08
ENSG00000006652	2.626	0.115384615384615	0.52
ENSG00000115935	0.147	1.03846153846154	0.08
ENSG00000126883	0.727	0.192307692307692	0.28
ENSG00000164120	0.084	0	0
ENSG00000251230	0.024	0	0
ENSG00000239998	0.019	0	0
ENSG00000184730	0.022	0.153846153846154	0
ENSG00000182541	0.58	0.0769230769230769	0
ENSG00000015285	0.028	0.5	0
ENSG00000255398	0.011	0	0
ENSG00000148572	0.984	0.153846153846154	0.36
ENSG00000146094	0.022	0	0.04
ENSG00000112062	0.804	0.153846153846154	0.4
ENSG00000101236	1.237	0.0384615384615385	0.52
ENSG00000110876	0.026	0.692307692307692	0
ENSG00000123700	0.39	0	0.04
ENSG00000119048	4.15	0.423076923076923	1.32
ENSG00000091039	1.833	0.538461538461538	0.96
ENSG00000181381	0.072	0.0384615384615385	0
ENSG00000125910	0.077	0.538461538461538	0
ENSG00000235568	0.015	0	0
ENSG00000166501	0.017	0.692307692307692	0
ENSG00000065615	0.514	0.153846153846154	0.16
ENSG00000155629	0.032	0.192307692307692	0
ENSG00000173846	2.166	0.0384615384615385	1.16
ENSG00000113368	0.54	0.0769230769230769	0.04
ENSG00000085514	0.019	0	0
ENSG00000130830	0.163	0	0.16
ENSG00000134152	1.341	0.269230769230769	0.44
ENSG00000172322	0.016	0.0384615384615385	0
ENSG00000100055	0.033	0.115384615384615	0
ENSG00000182782	0.013	0	0
ENSG00000140332	0.378	0.192307692307692	0
ENSG00000163754	0.618	0.0384615384615385	0.28
ENSG00000169403	0.055	0	0.04
ENSG00000174125	0.018	0.0384615384615385	0
ENSG00000107341	1.797	0.230769230769231	0.52
ENSG00000197324	2.8	0.384615384615385	0.88
ENSG00000113742	1.649	0.115384615384615	0.12
ENSG00000101916	0.008	0	0
ENSG00000100503	0.329	0.423076923076923	0.12
ENSG00000075399	0.117	0.0384615384615385	0
ENSG00000165029	0.135	0	0.32
ENSG00000153179	0.344	0.307692307692308	0
ENSG00000103194	1.236	0.0769230769230769	0.2
ENSG00000168010	0.11	0.153846153846154	0
ENSG00000121316	0.103	0	0.16
ENSG00000134830	0.071	0	0.24
ENSG00000141574	0.034	0	0.04
ENSG00000102524	0.08	0	0.56
ENSG00000163625	0.698	0	0.12
ENSG00000131042	0.028	0	0
ENSG00000116991	0.084	0	0.32
ENSG00000155099	0.108	0	0.28
ENSG00000171700	0.227	0.538461538461538	0.16
ENSG00000183049	0.094	0.153846153846154	0.08
ENSG00000104324	0.382	0.230769230769231	0.4
ENSG00000175489	0.01	0	0
ENSG00000122694	0.064	0.307692307692308	0.56
ENSG00000146112	0.085	0.538461538461538	0.24
ENSG00000160179	0.048	0.153846153846154	0.04
ENSG00000077238	0.666	0.0769230769230769	0.12
ENSG00000135766	0.631	0.192307692307692	0.32
ENSG00000182022	0.433	0	0.08
ENSG00000005302	0.45	0.230769230769231	0.08
ENSG00000117151	0.401	0.230769230769231	0.2
ENSG00000166579	0.515	0	0.16
ENSG00000241839	0.073	0.0769230769230769	0
ENSG00000168404	0.232	0.115384615384615	0.08
ENSG00000254415	0.011	0.0384615384615385	0
ENSG00000214212	0.024	0	0
ENSG00000197943	0.02	0	0
ENSG00000205937	3.91	0.384615384615385	1.32
ENSG00000078808	2.607	0.692307692307692	1.48
ENSG00000006015	2.758	0.576923076923077	1.28
ENSG00000100664	4.272	0.769230769230769	2.16
ENSG00000103275	4.182	0.769230769230769	1.76
ENSG00000184787	3.489	0.5	1.28
ENSG00000187735	4.145	0.653846153846154	0.88
ENSG00000127483	3.94	1.07692307692308	1.12
ENSG00000168090	3.346	0.538461538461538	1.64
ENSG00000244038	3.776	0.461538461538462	1.48
ENSG00000126698	4.052	0.846153846153846	1.12
ENSG00000174953	3.643	1.03846153846154	1.8
ENSG00000092010	5.804	2	2.04
ENSG00000147274	4.474	0.923076923076923	1.76
ENSG00000116560	6.745	1.26923076923077	2.36
ENSG00000126756	4.355	0.769230769230769	2.16
ENSG00000161547	5.292	1.38461538461538	2.24
ENSG00000149100	4.508	0.423076923076923	2.12
ENSG00000100941	5.334	1.26923076923077	1.48
ENSG00000089280	8.445	1.26923076923077	3.08
ENSG00000089737	5.777	1.15384615384615	2.08
ENSG00000159140	9.418	2.42307692307692	3.72
ENSG00000161055	37.795	0.346153846153846	0.48
ENSG00000149021	1.015	0.0384615384615385	0.16
ENSG00000125999	0.213	0	0.08
ENSG00000173432	4.223	0	83.76
ENSG00000148346	5.232	0	0.12
ENSG00000101443	35.998	0.0769230769230769	0.52
ENSG00000134339	1.037	0	16.64
ENSG00000124107	225.978	0.576923076923077	8.96
ENSG00000106541	32.125	0.0384615384615385	0.32
ENSG00000117983	0.029	0	0
ENSG00000198183	0.048	0	0
ENSG00000171345	44.111	0.153846153846154	0.48
ENSG00000162896	19.503	0.0384615384615385	0.04
ENSG00000012223	1.915	0	0.08
ENSG00000047457	0.277	0	0.04
ENSG00000160180	0.149	0	0
ENSG00000161798	0.598	0.0384615384615385	0.08
ENSG00000189377	18.345	0.0384615384615385	0.08
ENSG00000163435	13.77	0.192307692307692	0.08
ENSG00000120885	1.742	0.0769230769230769	18.56
ENSG00000263639	0.051	0	0
ENSG00000160862	1.648	0	0.04
ENSG00000256612	11.357	0.0769230769230769	0.04
ENSG00000167757	0.154	0	0
ENSG00000184292	7.048	0	0.2
ENSG00000108551	4.808	0.115384615384615	0.08
ENSG00000135373	3.83	0.0384615384615385	0
ENSG00000124766	2.615	0.0769230769230769	3.8
ENSG00000110195	7.398	0.0769230769230769	0.12
ENSG00000163739	6.515	0.0769230769230769	0.28
ENSG00000100219	12.579	1.11538461538462	2.28
ENSG00000189143	10.832	0.0384615384615385	0.12
ENSG00000141934	0.128	0	0
ENSG00000103534	4.101	0.0384615384615385	0.08
ENSG00000181458	0.138	0	0.92
ENSG00000110492	0.234	0	0.28
ENSG00000158716	4.002	0.269230769230769	0.68
ENSG00000148735	0.007	0	0
ENSG00000111912	14.538	0.461538461538462	0.72
ENSG00000167642	9.339	0.0769230769230769	0.12
ENSG00000117472	0.644	0	0.08
ENSG00000187134	0.338	0	0.92
ENSG00000165092	1.686	0	1.76
ENSG00000137673	0.884	0	0
ENSG00000062716	7.112	0.423076923076923	2.52
ENSG00000214530	3.616	0	0.08
ENSG00000188290	1.118	0.423076923076923	0.64
ENSG00000177606	79.877	7.42307692307692	27.28
ENSG00000094963	0.064	0.0384615384615385	0.36
ENSG00000080493	0.855	0.0769230769230769	0
ENSG00000198804	331.06	74.7692307692308	115.8
ENSG00000243955	0.07	0	0
ENSG00000272398	0.562	0.0384615384615385	0.04
ENSG00000198938	277.378	46.6923076923077	104.32
ENSG00000165929	2.49	0.153846153846154	0
ENSG00000248527	13.2	1.84615384615385	5.64
ENSG00000102804	8.185	0.115384615384615	0.56
ENSG00000198712	338.081	67.9615384615385	125.28
ENSG00000174501	0.317	0.5	0
ENSG00000127954	3.629	0	5.28
ENSG00000198840	140.935	22.5384615384615	53.64
ENSG00000164292	1.137	0.384615384615385	1.56
ENSG00000115963	1.117	0	1.52
ENSG00000086548	7.479	0	0.04
ENSG00000162078	0.003	0	0.04
ENSG00000070081	5.511	0.769230769230769	3.72
ENSG00000160932	3.403	1.34615384615385	3.08
ENSG00000198727	196.512	30.3846153846154	69.56
ENSG00000198886	196.272	25.2692307692308	68
ENSG00000180879	28.008	1.92307692307692	8.24
ENSG00000198899	177.371	39.0769230769231	73.12
ENSG00000065054	2.268	0.0384615384615385	0.48
ENSG00000210082	316.4	81.9615384615385	175.96
ENSG00000133321	7.222	0.961538461538462	0.44
ENSG00000166145	2.802	0.0384615384615385	0.08
ENSG00000103460	0.534	0	0.08
ENSG00000198888	112.806	11.8461538461538	33.4
ENSG00000099998	1.213	0	0.96
ENSG00000089356	2.937	0	0
ENSG00000145113	0.66	0	0.04
ENSG00000116299	0.222	0	0
ENSG00000160113	2.637	0.0384615384615385	0.24
ENSG00000125844	7.593	0.576923076923077	5.24
ENSG00000267795	2.978	0	0.04
ENSG00000211459	138.49	49.2307692307692	76.8
ENSG00000163527	3.473	0.384615384615385	1.08
ENSG00000196139	0.43	0.807692307692308	0.36
ENSG00000173801	1.773	0	0
ENSG00000198786	26.466	7.26923076923077	13.4
ENSG00000150540	0.662	0	0.28
ENSG00000165215	3.091	0	0
ENSG00000112378	4.587	0	0.12
ENSG00000198763	88.215	11.3076923076923	28
ENSG00000143819	2.703	0	1.4
ENSG00000147535	2.167	0.0384615384615385	0.4
ENSG00000091490	2.014	0.0384615384615385	0.12
ENSG00000182718	29.991	1.03846153846154	11.4
ENSG00000127324	0.091	0	0.28
ENSG00000002587	0.01	0	0
ENSG00000196220	0.116	0.0769230769230769	0
ENSG00000163683	3.492	0.307692307692308	0.8
ENSG00000173230	6.017	0.5	0.88
ENSG00000070526	0.544	0	0
ENSG00000138413	3.213	0.0769230769230769	0.16
ENSG00000081923	0.844	0	0.04
ENSG00000145730	2.092	0.192307692307692	0.24
ENSG00000162599	3.553	0	1.44
ENSG00000162496	2.04	0.461538461538462	0.6
ENSG00000112695	16.526	1.11538461538462	4.4
ENSG00000196576	3.251	0	0.36
ENSG00000001626	1.165	0	0
ENSG00000212907	7.131	1.30769230769231	3.6
ENSG00000112379	2.986	0	0.08
ENSG00000182853	0.025	0	0.04
ENSG00000159212	0.612	0	0.24
ENSG00000029993	1.737	0	0.04
ENSG00000143183	4.266	0.538461538461538	2.08
ENSG00000116209	5.846	1.07692307692308	3.36
ENSG00000142949	2.632	0	0.16
ENSG00000198774	0.456	0	0.04
ENSG00000210196	2.677	0.730769230769231	1.72
ENSG00000130147	0.164	0	0.12
ENSG00000074842	9.232	0.461538461538462	5
ENSG00000130770	9.036	0.923076923076923	1.16
ENSG00000085276	3.229	0.0384615384615385	0.16
ENSG00000095380	3.25	0.192307692307692	0.8
ENSG00000124102	1.274	0	0
ENSG00000167617	0.224	0	0.52
ENSG00000182944	2.887	0.384615384615385	0.68
ENSG00000143158	2.69	0.461538461538462	0.76
ENSG00000170315	20.705	3.30769230769231	4.64
ENSG00000184432	3.785	0.269230769230769	1.68
ENSG00000120549	0.733	0	0.08
ENSG00000065518	7.555	0.5	2.72
ENSG00000182158	1.535	0.115384615384615	0.84
ENSG00000181449	0.039	0	0
ENSG00000086544	3.538	0.0384615384615385	0.24
ENSG00000185215	0.247	0	3.52
ENSG00000151632	0.037	0	0.16
ENSG00000130707	1.374	0	0.2
ENSG00000155324	0.335	0	0.16
ENSG00000154723	10.607	0.884615384615385	3.6
ENSG00000255302	6.716	0.807692307692308	4.96
ENSG00000204385	1.137	0	0.08
ENSG00000114251	0.626	0.0384615384615385	0.2
ENSG00000261183	1.49	0	0
ENSG00000105438	6.876	0.384615384615385	3.52
ENSG00000184897	6.283	0.307692307692308	2
ENSG00000010256	3.287	0.153846153846154	0.92
ENSG00000154080	0.01	0	0
ENSG00000065361	2.067	0.0384615384615385	0
ENSG00000182670	4.844	0.730769230769231	1.2
ENSG00000110042	0.511	0	0
ENSG00000117139	2.146	0.576923076923077	2.28
ENSG00000214274	0.411	0	0.08
ENSG00000096696	0.663	0	0
ENSG00000060656	0.674	0	0
ENSG00000151690	0.514	0.0384615384615385	0.04
ENSG00000100592	1.22	0.192307692307692	0.96
ENSG00000140264	37.778	5.26923076923077	10.44
ENSG00000183742	1.816	0.0384615384615385	0
ENSG00000077232	3.202	0.0769230769230769	1.2
ENSG00000230937	0.013	0	0
ENSG00000111846	1.737	0	0.04
ENSG00000183828	2.192	0.0384615384615385	0.08
ENSG00000188529	4.406	0.730769230769231	1.2
ENSG00000142627	1.155	0	0.08
ENSG00000007080	3.322	0.346153846153846	1.48
ENSG00000168528	1.282	0	0
ENSG00000228253	1.561	0.153846153846154	0.48
ENSG00000150527	1.463	0.192307692307692	0.12
ENSG00000152767	1.847	0.0384615384615385	0.12
ENSG00000075142	4.104	0.5	1.8
ENSG00000156011	0.187	0	0.08
ENSG00000162522	1.459	0.0384615384615385	0.04
ENSG00000065154	1.47	0.153846153846154	0.84
ENSG00000139629	0.053	0.0769230769230769	0
ENSG00000110696	6.673	1.07692307692308	2.28
ENSG00000175354	2.509	0.346153846153846	0.4
ENSG00000181830	0.961	0.0769230769230769	0.08
ENSG00000236699	0.866	0	0
ENSG00000166348	2.234	0	0.12
ENSG00000167608	0.989	0	0.12
ENSG00000102401	1.905	0.5	1.12
ENSG00000242247	2.045	0.615384615384615	0.6
ENSG00000099795	7.811	1.07692307692308	2.56
ENSG00000206053	1.579	0	0.12
ENSG00000159763	0.007	0	0
ENSG00000174886	7.395	0.846153846153846	2.44
ENSG00000001084	0.07	0.115384615384615	0
ENSG00000095066	2.085	0.0769230769230769	0.24
ENSG00000100911	8.019	1.15384615384615	2.28
ENSG00000142687	2.118	0.192307692307692	0.32
ENSG00000181789	2.063	0.0769230769230769	0.6
ENSG00000131143	14.936	1.61538461538462	5.32
ENSG00000170345	70.629	8.69230769230769	44.68
ENSG00000168447	1.349	0	0.08
ENSG00000136527	4.304	0.961538461538462	1.56
ENSG00000111726	0.971	0.153846153846154	0.24
ENSG00000152669	0.009	0	0
ENSG00000197858	2.396	0.192307692307692	0.76
ENSG00000185088	7.373	0.615384615384615	3.08
ENSG00000163874	2.121	0.115384615384615	0.44
ENSG00000185803	1.567	0.153846153846154	0.52
ENSG00000141736	1.151	0.0384615384615385	0.04
ENSG00000243317	2.609	0.230769230769231	0.88
ENSG00000129595	0.076	0	0
ENSG00000006210	0.087	0	0.04
ENSG00000090615	2.38	0.153846153846154	0.64
ENSG00000204580	1.32	0	0
ENSG00000145632	0.311	0.0384615384615385	0
ENSG00000042980	0.016	0	0
ENSG00000129451	0.295	0	0
ENSG00000176731	4.955	0.653846153846154	2.04
ENSG00000134121	0.007	0	0.04
ENSG00000144224	6.049	1.19230769230769	2.96
ENSG00000133226	7.098	1.19230769230769	1.88
ENSG00000103319	0.424	0	0.12
ENSG00000106261	0.545	0.230769230769231	0.16
ENSG00000129255	1.847	0.115384615384615	0.36
ENSG00000108100	1.45	0.153846153846154	0.28
ENSG00000107960	1.697	0.115384615384615	0.12
ENSG00000114956	1.691	0.307692307692308	0.88
ENSG00000118217	1.979	0.153846153846154	0.52
ENSG00000181222	1.403	0.461538461538462	0.8
ENSG00000163811	2.597	0.0769230769230769	1.24
ENSG00000065911	2.356	0.115384615384615	1.08
ENSG00000149591	1.194	0.0769230769230769	20.36
ENSG00000198467	0.156	0	6.88
ENSG00000107796	0.055	0	2.52
ENSG00000122786	1.422	0	8.96
ENSG00000101335	3.814	0.0384615384615385	2.36
ENSG00000187479	29.557	0	17.28
ENSG00000064205	0.028	0	2.12
ENSG00000140416	2.66	0.115384615384615	3.48
ENSG00000137801	2.176	0.0769230769230769	7.08
ENSG00000167641	0.031	0	0.64
ENSG00000182492	0.013	0	5.92
ENSG00000187498	0.199	0	2.32
ENSG00000205362	0.147	0	5.76
ENSG00000134871	0.325	0.0384615384615385	2.52
ENSG00000154734	0.379	0.461538461538462	2.72
ENSG00000172201	6.771	0.0384615384615385	2
ENSG00000131016	0.072	0	4.8
ENSG00000148671	9.015	0.0384615384615385	2.44
ENSG00000213949	0.26	0	0.4
ENSG00000185551	0.896	0	2.28
ENSG00000140545	0.981	0.0384615384615385	2.32
ENSG00000161281	0.038	0	1.64
ENSG00000145012	6.03	0.423076923076923	0.96
ENSG00000162614	0.435	0	0.68
ENSG00000118523	2.449	0	5.16
ENSG00000065534	1.171	0	0.64
ENSG00000159176	2.765	0.115384615384615	0.36
ENSG00000071282	0.176	0	0.24
ENSG00000117519	4.295	0	2.52
ENSG00000140682	0.376	0.0384615384615385	0.68
ENSG00000168268	1.159	0	0.16
ENSG00000154553	0.32	0	2
ENSG00000176014	0.37	0.0384615384615385	1.64
ENSG00000260549	0.276	0	0.16
ENSG00000137507	0.084	0	0.52
ENSG00000154380	1.57	0	1.4
ENSG00000197461	0.555	0	0
ENSG00000004799	0.487	0.0384615384615385	0.48
ENSG00000106366	0.099	0	2.72
ENSG00000117318	5.266	0.0769230769230769	5.4
ENSG00000221968	0.688	0.115384615384615	0.48
ENSG00000213145	0.633	0.615384615384615	0.32
ENSG00000123685	0.034	0	0.48
ENSG00000213626	0.184	0.192307692307692	0.36
ENSG00000073712	1.948	0	1.8
ENSG00000119729	2.232	0.230769230769231	0.64
ENSG00000167601	0.109	0	0.48
ENSG00000115946	1.7	0.115384615384615	0.92
ENSG00000196923	0.113	0	0.92
ENSG00000126458	2.126	0.153846153846154	0.52
ENSG00000131471	0.027	0	0.12
ENSG00000160818	2.827	0	1.2
ENSG00000136160	0.638	0.0384615384615385	0.68
ENSG00000165959	0.094	0	0
ENSG00000138031	0.11	0	0.32
ENSG00000172590	5.992	0.346153846153846	2.08
ENSG00000022267	0.045	0.0384615384615385	0.72
ENSG00000163001	2.13	0.0384615384615385	0.64
ENSG00000184489	1.248	0	0.08
ENSG00000122545	4.155	2	3.36
ENSG00000147684	5.696	0.461538461538462	2.32
ENSG00000197702	1.386	0	0.52
ENSG00000124225	1.551	0	1.08
ENSG00000222041	0.563	0.615384615384615	1.52
ENSG00000183386	0.177	0.153846153846154	0.36
ENSG00000175183	0.277	0	0.4
ENSG00000142694	0.138	0.0769230769230769	1.32
ENSG00000165795	0.105	0	0.12
ENSG00000047648	0.008	0	0.24
ENSG00000096746	3.232	0.576923076923077	1.36
ENSG00000182197	0.605	0	0.28
ENSG00000185787	7.032	1.11538461538462	2.76
ENSG00000225663	0.869	0.115384615384615	0.6
ENSG00000101000	0.12	0.0769230769230769	0.6
ENSG00000168484	2472.797	7.38461538461539	13.96
ENSG00000122852	406.537	1.42307692307692	3.2
ENSG00000185303	590.328	2.65384615384615	5.36
ENSG00000131400	144.846	0.5	1.24
ENSG00000168878	477.025	2.26923076923077	4.48
ENSG00000171476	79.252	3.03846153846154	0.84
ENSG00000196260	59.209	0.576923076923077	0.48
ENSG00000157765	57.59	0.269230769230769	0.52
ENSG00000133661	46.154	0.230769230769231	0.24
ENSG00000185499	52.324	0.423076923076923	1.12
ENSG00000119655	80.859	0.384615384615385	3
ENSG00000197249	64.769	0.307692307692308	0.6
ENSG00000103811	43.569	0.230769230769231	0.68
ENSG00000111057	49.81	0.384615384615385	0.44
ENSG00000138821	25.751	0.0769230769230769	0.72
ENSG00000081041	57.961	0.153846153846154	8.12
ENSG00000188906	27.632	0.0769230769230769	0.16
ENSG00000183607	20.646	0	0.2
ENSG00000170786	19.034	0.0769230769230769	0.2
ENSG00000189334	19.303	0.0384615384615385	0.04
ENSG00000167972	18.985	0.115384615384615	0.32
ENSG00000153395	20.695	0.538461538461538	0.28
ENSG00000096088	44.782	0.230769230769231	0.24
ENSG00000078081	15.318	0.115384615384615	0
ENSG00000169710	26.048	0.153846153846154	1.2
ENSG00000164687	36.542	0.269230769230769	0.28
ENSG00000175793	22.058	0.153846153846154	0.28
ENSG00000129538	32.443	0.307692307692308	0.4
ENSG00000242265	26.379	0.115384615384615	0.16
ENSG00000134020	13.367	0.115384615384615	0
ENSG00000099194	19.439	0.115384615384615	0.92
ENSG00000125868	50.926	0.692307692307692	5.68
ENSG00000163399	30.424	0.153846153846154	3.04
ENSG00000066405	14.098	0.0384615384615385	0.08
ENSG00000171885	12.603	0.153846153846154	0.08
ENSG00000169715	22.484	0.230769230769231	1.12
ENSG00000162551	12.602	0.0384615384615385	0.04
ENSG00000084207	70.254	2.61538461538462	12.64
ENSG00000180992	18.166	0.269230769230769	1.08
ENSG00000090013	16.795	0.115384615384615	1.32
ENSG00000138162	11.173	0	0.12
ENSG00000259803	9.63	0.153846153846154	0.08
ENSG00000168389	10.407	0	0.2
ENSG00000137857	9.913	0.0769230769230769	0.2
ENSG00000074800	51.644	1.23076923076923	6.64
ENSG00000213853	18.284	0.0769230769230769	0.68
ENSG00000136352	9.435	0.0384615384615385	0.16
ENSG00000125534	32.207	1.19230769230769	3.72
ENSG00000114446	11.686	0.153846153846154	1.08
ENSG00000048540	9.867	0	0.2
ENSG00000197956	240.623	3.92307692307692	48.28
ENSG00000250722	12.075	0.115384615384615	2.6
ENSG00000165389	12.209	0.192307692307692	1.04
ENSG00000160213	28.341	0.923076923076923	2.96
ENSG00000155368	32.257	1.80769230769231	3.84
ENSG00000052802	14.137	0.0769230769230769	0.68
ENSG00000123838	9.126	0.0769230769230769	0.04
ENSG00000172264	8.76	0	0.08
ENSG00000117525	10.925	0	0.44
ENSG00000170890	9.752	0	0.08
ENSG00000130164	14.989	0.192307692307692	0.92
ENSG00000163931	24.462	0.423076923076923	3.4
ENSG00000197747	59.863	1.69230769230769	11.72
ENSG00000147676	8.552	0.0384615384615385	0.08
ENSG00000169738	12.404	0.346153846153846	0.96
ENSG00000136153	9.864	0	0
ENSG00000176046	15.832	0.0769230769230769	5.08
ENSG00000164265	24.157	0.0769230769230769	0.28
ENSG00000069122	10.603	0	0.2
ENSG00000140391	12.432	0.307692307692308	1.08
ENSG00000180817	20.735	0.307692307692308	4.16
ENSG00000005022	23.823	0.923076923076923	3.92
ENSG00000112972	12.402	0.192307692307692	0.32
ENSG00000151332	7.841	0.115384615384615	0.16
ENSG00000169692	9.64	0.153846153846154	0.4
ENSG00000067167	19.328	0.538461538461538	2.96
ENSG00000161011	24.481	2.53846153846154	5.12
ENSG00000177700	31.113	1.88461538461538	7.84
ENSG00000161249	7.061	0	0.16
ENSG00000115648	7.328	0	0.12
ENSG00000125968	13.155	0	2.24
ENSG00000125691	68.912	1.73076923076923	18.04
ENSG00000170776	20.375	2.30769230769231	1.32
ENSG00000145860	12.607	0.461538461538462	0.52
ENSG00000182985	6.531	0	0.04
ENSG00000068650	7.649	0.0769230769230769	0.28
ENSG00000165175	9.147	0	0.68
ENSG00000136810	30.675	0.461538461538462	9.2
ENSG00000164713	22.068	0.692307692307692	2.48
ENSG00000166681	8.48	0	1.36
ENSG00000197415	6.318	0	0.08
ENSG00000064042	7.849	0	0.12
ENSG00000089220	15.586	0.307692307692308	3.16
ENSG00000151729	7.673	0.230769230769231	0.64
ENSG00000176485	8.878	0.423076923076923	0.52
ENSG00000133835	8.33	0.115384615384615	0.56
ENSG00000164405	20.517	0.653846153846154	5.44
ENSG00000140254	5.813	0.0384615384615385	0.12
ENSG00000144381	20.814	0.576923076923077	5.56
ENSG00000008988	72.426	3.23076923076923	18.48
ENSG00000135678	7.799	0.0384615384615385	0.08
ENSG00000144063	7.333	0.0384615384615385	0.12
ENSG00000071242	7.062	0.0769230769230769	0.24
ENSG00000167644	7.86	0	0.12
ENSG00000089157	69.652	2.03846153846154	26.08
ENSG00000215845	7.692	0.461538461538462	0.04
ENSG00000166562	12.513	0.576923076923077	0.96
ENSG00000105223	8.159	0.192307692307692	0.8
ENSG00000008853	6.071	0.0769230769230769	0.16
ENSG00000112306	228.909	13	66.64
ENSG00000114850	16.22	0.538461538461538	4.24
ENSG00000140988	175.358	9.15384615384615	47.04
ENSG00000189221	8.457	0.0384615384615385	1.28
ENSG00000198900	12.689	0.653846153846154	1.84
ENSG00000083845	84.853	3.61538461538462	28.36
ENSG00000185650	24.377	0.769230769230769	9.04
ENSG00000197958	103.272	5.38461538461539	33.48
ENSG00000013364	8.659	0.0769230769230769	1.24
ENSG00000166228	7.743	0.192307692307692	0.52
ENSG00000268104	8.14	0.0384615384615385	0.04
ENSG00000109046	14.961	0.730769230769231	1.32
ENSG00000143333	8.398	0	2.44
ENSG00000280285	8.182	0.0384615384615385	0.04
ENSG00000161016	116.434	5.88461538461539	33.24
ENSG00000175061	25.806	0.769230769230769	7.36
ENSG00000181163	32.779	1.65384615384615	10.64
ENSG00000156508	205.469	11.9615384615385	51.92
ENSG00000166278	5.576	0.0384615384615385	0.32
ENSG00000131018	9.546	1.34615384615385	0.44
ENSG00000096384	55.476	3.11538461538462	18.6
ENSG00000129235	10.869	0.153846153846154	1.96
ENSG00000179178	5.45	0.0769230769230769	0
ENSG00000111716	13.835	0.115384615384615	3.28
ENSG00000179218	26.393	1.46153846153846	9.24
ENSG00000167468	16.297	0.846153846153846	4.24
ENSG00000168028	63.235	3.46153846153846	16.52
ENSG00000150991	63.951	2.69230769230769	17.96
ENSG00000143416	6.537	0.153846153846154	0.28
ENSG00000197756	140.85	8.11538461538461	47.68
ENSG00000154640	8.713	0.5	0.8
ENSG00000132002	15.756	1.92307692307692	4.48
ENSG00000142534	91.59	4.57692307692308	26.08
ENSG00000149485	8.538	0.0769230769230769	1.36
ENSG00000197728	30.99	1.30769230769231	9.72
ENSG00000233493	6.248	0.0769230769230769	0.08
ENSG00000127184	29.044	1.69230769230769	5.84
ENSG00000106780	7.087	0.115384615384615	0.08
ENSG00000133935	6.298	0.192307692307692	0.32
ENSG00000144331	4.936	0.0384615384615385	0.2
ENSG00000139343	12.821	0.423076923076923	3.28
ENSG00000147604	40.099	1.69230769230769	14.48
ENSG00000128641	5.785	0.0384615384615385	0.12
ENSG00000087460	27.256	1.03846153846154	6.04
ENSG00000114391	70.93	5.07692307692308	22.48
ENSG00000137154	112.191	7.84615384615385	34.92
ENSG00000184076	15.284	1.23076923076923	3.36
ENSG00000182774	18.339	0.576923076923077	5.52
ENSG00000132432	17.879	0.961538461538462	6.16
ENSG00000163558	5.456	0.115384615384615	0.44
ENSG00000103978	6.085	0.307692307692308	0.72
ENSG00000196188	5.723	0.0769230769230769	0.08
ENSG00000167658	26.517	0.961538461538462	6.72
ENSG00000233927	124.031	7.80769230769231	32.28
ENSG00000136942	82.39	5.11538461538461	31.56
ENSG00000196262	34.033	2.88461538461538	8.6
ENSG00000189043	24.414	0.961538461538462	8.08
ENSG00000143933	23.673	1.19230769230769	4.76
ENSG00000231500	184.822	11.4615384615385	67.64
ENSG00000025423	4.836	0.0769230769230769	0.04
ENSG00000166441	70.463	4.92307692307692	19.4
ENSG00000075415	17.821	1.23076923076923	3.96
ENSG00000074416	6.744	0	0.56
ENSG00000198931	14.983	1.19230769230769	3.4
ENSG00000187109	15.752	0.730769230769231	5.32
ENSG00000188846	69.063	6.46153846153846	18.4
ENSG00000147155	6.35	0.230769230769231	0.64
ENSG00000115541	17.333	0.769230769230769	5.84
ENSG00000163682	74.432	4.15384615384615	23.92
ENSG00000132341	17.637	0.615384615384615	6.72
ENSG00000106803	21.59	1.19230769230769	7.92
ENSG00000099994	4.755	0.0384615384615385	0.12
ENSG00000156110	5.238	0.0769230769230769	0.2
ENSG00000162244	88.836	7.07692307692308	30.16
ENSG00000196776	7.717	1.30769230769231	0.68
ENSG00000179593	5.077	0	0.08
ENSG00000117450	23.09	0.692307692307692	7.96
ENSG00000111144	6.08	0.230769230769231	0.24
ENSG00000172456	4.379	0	0.08
ENSG00000174444	26.819	1.26923076923077	8.08
ENSG00000198242	70.199	6.26923076923077	21.32
ENSG00000111669	21.587	1.46153846153846	8
ENSG00000170899	4.621	0.0384615384615385	0.2
ENSG00000132698	4.492	0	0
ENSG00000177600	101.71	7.19230769230769	32.6
ENSG00000167863	11.102	0.538461538461538	3.2
ENSG00000099800	8.24	0.346153846153846	2.88
ENSG00000204628	56.681	4.15384615384615	19
ENSG00000145592	112.395	8.53846153846154	34.04
ENSG00000164023	5.253	0	0
ENSG00000251562	1339.295	255.384615384615	167.56
ENSG00000132507	14.332	0.730769230769231	5.84
ENSG00000131469	53.327	3.76923076923077	18.56
ENSG00000149273	105.186	10.3076923076923	31.2
ENSG00000163597	8.802	0.192307692307692	2.08
ENSG00000135486	20.649	1.38461538461538	4.8
ENSG00000125848	5.931	0	0.04
ENSG00000104549	6.518	0.0769230769230769	0.52
ENSG00000198431	8.604	0.115384615384615	1.96
ENSG00000229117	234.818	18.2692307692308	75.76
ENSG00000169567	22.456	1.84615384615385	5.92
ENSG00000047644	5.002	0.0769230769230769	0.12
ENSG00000108946	8.119	0.230769230769231	1.08
ENSG00000148303	93.442	7.53846153846154	36.08
ENSG00000214026	7.065	0.384615384615385	0.76
ENSG00000130255	83.182	5.34615384615385	32.56
ENSG00000164161	8.284	0.0384615384615385	0.04
ENSG00000122406	53.088	4.38461538461539	18.32
ENSG00000164919	17.911	1.5	4.52
ENSG00000115525	4.983	0.230769230769231	0.36
ENSG00000240972	19.339	0.692307692307692	7.44
ENSG00000198755	57.337	3.96153846153846	21.12
ENSG00000151327	7.654	0.346153846153846	1.28
ENSG00000166165	6.864	0.0384615384615385	0.56
ENSG00000187446	5.748	0.153846153846154	0.48
ENSG00000063177	86.816	7.61538461538461	27.56
ENSG00000122026	80.323	7.42307692307692	26.96
ENSG00000241468	11.395	0.846153846153846	2.32
ENSG00000105640	97.104	7.42307692307692	32.8
ENSG00000089009	65.482	6.03846153846154	22.12
ENSG00000137818	224.85	19.4230769230769	70.2
ENSG00000160209	6.703	0.192307692307692	0.96
ENSG00000167797	7.1	1	1.12
ENSG00000205581	11.452	0.653846153846154	2.2
ENSG00000166471	4.62	0.192307692307692	0.2
ENSG00000156467	17.241	1.69230769230769	3.6
ENSG00000116898	6.956	0.153846153846154	1.48
ENSG00000044115	7.978	0.0769230769230769	0.84
ENSG00000105193	82.165	4.65384615384615	27.12
ENSG00000157110	4.934	0.0384615384615385	0.44
ENSG00000244187	5.102	0.0769230769230769	0.56
ENSG00000109084	4.935	0.0384615384615385	0.2
ENSG00000130731	6.841	0.346153846153846	1.28
ENSG00000067064	8.002	0.884615384615385	0.52
ENSG00000138326	87.118	8.15384615384615	29.4
ENSG00000213741	85.918	9.15384615384615	21.6
ENSG00000142676	96.032	8.11538461538461	36.16
ENSG00000093144	5.814	0.153846153846154	0.84
ENSG00000170889	80.736	5.61538461538461	27.04
ENSG00000103342	8.002	0.5	1.84
ENSG00000170561	4.289	0.0384615384615385	0.08
ENSG00000134825	12.637	0.769230769230769	4.76
ENSG00000167004	15.859	1.23076923076923	7.28
ENSG00000184990	7.107	0.153846153846154	1.56
ENSG00000123159	5.038	0.0769230769230769	0.48
ENSG00000169976	10.059	0.807692307692308	2.8
ENSG00000226742	3.858	0.0384615384615385	0.08
ENSG00000106537	4.782	0	0.16
ENSG00000173674	9.308	0.5	2.6
ENSG00000115112	4.625	0.0384615384615385	0.04
ENSG00000108107	144.836	13.3846153846154	46.28
ENSG00000105372	132.154	16.0384615384615	39.48
ENSG00000158467	4.025	0.115384615384615	0.08
ENSG00000108298	98.537	10	36.04
ENSG00000182899	70.173	6.53846153846154	25.44
ENSG00000152234	9.063	0.538461538461538	2.32
ENSG00000118181	49.752	4	17.8
ENSG00000107581	10.894	1.11538461538462	2.52
ENSG00000048828	6.755	0.269230769230769	1.12
ENSG00000054148	8.654	0.384615384615385	2.6
ENSG00000172809	47.997	3.80769230769231	16.08
ENSG00000178741	9.39	0.807692307692308	2
ENSG00000198355	7.084	0.423076923076923	0.64
ENSG00000232112	20.198	2.34615384615385	6
ENSG00000164587	118.465	11.0769230769231	39.44
ENSG00000071082	28.672	2.38461538461538	10.96
ENSG00000074695	9.059	0.461538461538462	4.84
ENSG00000142541	95.977	7.96153846153846	40.6
ENSG00000203875	12.237	0.769230769230769	4.96
ENSG00000184007	8.725	0.730769230769231	2.04
ENSG00000171858	69.422	6.19230769230769	23.4
ENSG00000110717	8.461	0.307692307692308	2.28
ENSG00000116288	15.468	1.46153846153846	6.12
ENSG00000136048	4.987	0.0384615384615385	1.04
ENSG00000116251	22.634	1.73076923076923	6.4
ENSG00000114854	4.503	0	0.08
ENSG00000115221	3.654	0	0
ENSG00000155657	5.487	0.115384615384615	0
ENSG00000170515	12.095	0.807692307692308	4.48
ENSG00000163629	3.995	0.0384615384615385	0.04
ENSG00000106771	4.547	0.0769230769230769	0.44
ENSG00000167711	4.074	0.115384615384615	0.28
ENSG00000234741	12.22	0.5	2.88
ENSG00000167526	149.504	16.1153846153846	66.72
ENSG00000238045	5.145	0.0384615384615385	0
ENSG00000137693	4.264	0	0.52
ENSG00000069974	4.894	0.653846153846154	0.36
ENSG00000007402	3.715	0.153846153846154	0
ENSG00000109971	21.073	1.80769230769231	10.56
ENSG00000148158	4.011	0.0769230769230769	0.24
ENSG00000108588	6.518	0.115384615384615	1.88
ENSG00000182551	5.434	0.192307692307692	1.52
ENSG00000187908	8.038	0	0.12
ENSG00000147403	148.794	18.0384615384615	50.6
ENSG00000119335	15.224	2.42307692307692	3.64
ENSG00000168743	3.855	0.0384615384615385	0.16
ENSG00000115053	22.961	2.88461538461538	8.16
ENSG00000152082	11.906	0.807692307692308	4.24
ENSG00000168710	5.505	0.115384615384615	1.24
ENSG00000188706	4.005	0.0384615384615385	0.68
ENSG00000147123	9.883	0.615384615384615	3.16
ENSG00000110700	56.794	5.69230769230769	20.8
ENSG00000167508	5.088	0.653846153846154	0.08
ENSG00000198918	78.18	6.84615384615385	31.48
ENSG00000106153	24.529	2.34615384615385	8
ENSG00000121644	4.662	0.115384615384615	0.64
ENSG00000008018	11.569	1	5
ENSG00000115268	80.31	8.92307692307692	31.24
ENSG00000107223	15.486	1.53846153846154	5.44
ENSG00000228474	14.849	1.5	5.44
ENSG00000171530	8.868	0.5	2.8
ENSG00000196586	4.016	0	0.2
ENSG00000047936	3.275	0	0
ENSG00000143198	7.888	0.461538461538462	1.48
ENSG00000105379	4.85	0.115384615384615	0.96
ENSG00000039068	3.468	0.0384615384615385	0.08
ENSG00000197451	11.206	0.576923076923077	4.36
ENSG00000184012	3.329	0	0
ENSG00000145494	10.498	0.923076923076923	3.2
ENSG00000108561	9.236	0.307692307692308	4.2
ENSG00000123505	6.53	0.538461538461538	0.72
ENSG00000134308	7.263	0.615384615384615	1.8
ENSG00000157107	3.82	0.0384615384615385	0.12
ENSG00000165502	21.811	2.73076923076923	5.28
ENSG00000104823	5.778	0.576923076923077	0.68
ENSG00000124614	21.306	1.92307692307692	6.64
ENSG00000166592	9.135	0.0384615384615385	0.88
ENSG00000241685	4.475	0.0769230769230769	1.04
ENSG00000152795	11.482	1.34615384615385	4.08
ENSG00000153147	6.101	0.653846153846154	0.8
ENSG00000173141	6.273	0.230769230769231	1.44
ENSG00000113558	11.512	1.46153846153846	4.88
ENSG00000106628	4.375	0.192307692307692	0.6
ENSG00000205339	5.536	0.269230769230769	0.96
ENSG00000081479	3.736	0	0
ENSG00000174917	7.304	0.269230769230769	2.04
ENSG00000069275	13.057	1.11538461538462	4.64
ENSG00000090266	13.205	1.76923076923077	3.64
ENSG00000250479	5.393	0.192307692307692	0.32
ENSG00000176340	11.841	1.03846153846154	3.4
ENSG00000110955	9.902	0.807692307692308	3.28
ENSG00000125743	10.838	0.807692307692308	4.16
ENSG00000269893	6.802	0.423076923076923	1.92
ENSG00000197111	10.253	1.03846153846154	2.8
ENSG00000127540	10.486	1.19230769230769	3.36
ENSG00000114737	3.456	0.0384615384615385	0.16
ENSG00000106028	8.282	0.538461538461538	2.64
ENSG00000067606	3.487	0.0384615384615385	0
ENSG00000115756	3.989	0.384615384615385	0.08
ENSG00000241837	7.393	0.423076923076923	1.88
ENSG00000109762	3.522	0.115384615384615	0.04
ENSG00000147592	3.497	0.0384615384615385	0.12
ENSG00000172893	3.802	0.0769230769230769	0.28
ENSG00000158417	8.488	0.576923076923077	2.56
ENSG00000111481	4.725	0.269230769230769	1.04
ENSG00000085719	4.855	0.461538461538462	0.68
ENSG00000175893	3.395	0.0769230769230769	0.04
ENSG00000113719	5.332	0.346153846153846	1.16
ENSG00000099341	9.178	0.846153846153846	3.44
ENSG00000100380	7.089	0.653846153846154	2
ENSG00000110321	11.813	1.03846153846154	2.84
ENSG00000099624	11.667	0.884615384615385	4
ENSG00000070756	16.068	1.69230769230769	3.64
ENSG00000135390	13.004	1.69230769230769	3.68
ENSG00000198830	7.107	0.538461538461538	1.16
ENSG00000225383	4.125	0	0.2
ENSG00000138668	9.393	1.15384615384615	2.88
ENSG00000110958	8.605	0.692307692307692	3.36
ENSG00000167283	12.265	0.961538461538462	3.32
ENSG00000081026	3.37	0	0.16
ENSG00000139684	4.195	0	1
ENSG00000104408	7.23	0.5	1.96
ENSG00000100632	7.131	0.461538461538462	2.44
ENSG00000142168	9.354	0.730769230769231	3.44
ENSG00000173660	10.751	0.807692307692308	4.08
ENSG00000049656	4.676	0.307692307692308	0.72
ENSG00000178952	7.449	0.538461538461538	2.6
ENSG00000104695	4.405	0.0384615384615385	1
ENSG00000142507	7.765	0.653846153846154	3
ENSG00000163584	9.478	0.5	4.76
ENSG00000186184	5.333	0.192307692307692	1.2
ENSG00000156076	4.077	0	0
ENSG00000111142	5.76	0.384615384615385	1.68
ENSG00000143771	5.415	0.230769230769231	1.24
ENSG00000130522	42.518	7.57692307692308	15.88
ENSG00000079805	4.251	0.269230769230769	0.32
ENSG00000127922	7.863	0.538461538461538	3
ENSG00000245910	9.589	0.769230769230769	3.64
ENSG00000134419	65.945	9.53846153846154	23.12
ENSG00000221983	47.775	5.30769230769231	19.4
ENSG00000172340	3.93	0.230769230769231	0.28
ENSG00000104529	21.172	2.42307692307692	7.52
ENSG00000131174	11.185	0.961538461538462	3.68
ENSG00000060982	3.66	0.0384615384615385	0.12
ENSG00000156261	5.933	0.307692307692308	1.64
ENSG00000172115	9.482	0.769230769230769	3.72
ENSG00000100600	3.392	0.0384615384615385	0.64
ENSG00000131781	3.783	0.0384615384615385	0.08
ENSG00000125845	3.896	0.0384615384615385	0.12
ENSG00000130520	4.92	0.192307692307692	0.92
ENSG00000115129	3.628	0.0384615384615385	0.56
ENSG00000138593	3.846	0.269230769230769	0.24
ENSG00000114902	7.575	0.538461538461538	2.8
ENSG00000149806	59.034	7	23.88
ENSG00000130726	4.515	0.115384615384615	1.36
ENSG00000122566	22.36	3.57692307692308	7.84
ENSG00000170144	12.457	1.73076923076923	3.2
ENSG00000271447	2.754	0	0
ENSG00000138119	3.733	0	0.4
ENSG00000141401	3.376	0.0384615384615385	0.24
ENSG00000149809	3.433	0	0
ENSG00000196715	3.452	0.0384615384615385	0.6
ENSG00000178449	5.251	0.538461538461538	0.96
ENSG00000167085	6.206	0.615384615384615	2.6
ENSG00000197879	3.77	0	0.44
ENSG00000183172	5.807	0.576923076923077	1.4
ENSG00000198258	13.753	1.73076923076923	4.32
ENSG00000151718	3.485	0	0.44
ENSG00000189403	22.163	4.26923076923077	6.36
ENSG00000131368	3.646	0.115384615384615	0.64
ENSG00000156976	7.847	1.73076923076923	1.88
ENSG00000128833	3.131	0	0.04
ENSG00000160075	5.391	0.692307692307692	1.12
ENSG00000125611	3.48	0.115384615384615	0.84
ENSG00000130332	6.911	0.730769230769231	2.4
ENSG00000102978	3.395	0.192307692307692	0.28
ENSG00000147677	5.774	0.461538461538462	1.04
ENSG00000116171	4.856	1.03846153846154	1.28
ENSG00000164346	6.287	1.03846153846154	2.2
ENSG00000074696	3.903	0.115384615384615	0.88
ENSG00000130741	4.465	0.0769230769230769	1.2
ENSG00000090621	4.844	0.230769230769231	1.44
ENSG00000150459	7.691	1.15384615384615	2.32
ENSG00000125901	3.692	0.115384615384615	0.92
ENSG00000179010	5.838	0.576923076923077	2.28
ENSG00000061676	3.185	0.115384615384615	0.72
ENSG00000111786	7.056	0.884615384615385	2.36
ENSG00000185651	4.811	0.461538461538462	1.92
ENSG00000172428	6.791	0.615384615384615	2.4
ENSG00000114573	3.153	0.153846153846154	0.32
ENSG00000166136	5.612	0.692307692307692	2.64
ENSG00000115241	5.842	0.461538461538462	1.32
ENSG00000224877	5.219	0.807692307692308	2
ENSG00000099783	7.638	0.961538461538462	2.48
ENSG00000116754	6.486	1.07692307692308	1.92
ENSG00000171490	4.419	0.461538461538462	1.76
ENSG00000186010	5.753	0.5	2.36
ENSG00000129084	5.568	0.615384615384615	2.16
ENSG00000123349	16.646	2.92307692307692	7.36
ENSG00000175390	5.569	0.576923076923077	1.48
ENSG00000167978	8.497	1.42307692307692	3.04
ENSG00000178982	9.508	1.5	3.92
ENSG00000116005	2.66	0.115384615384615	0.4
ENSG00000184752	4.537	0.615384615384615	1.08
ENSG00000176171	2.728	0.192307692307692	0.84
ENSG00000182154	5.162	0.576923076923077	2.12
ENSG00000204619	0.987	0.269230769230769	0.44
ENSG00000164151	0.787	0.0769230769230769	0.32
ENSG00000163159	0.599	0.0384615384615385	0.16
ENSG00000106723	0.71	0.0769230769230769	0.08
ENSG00000157827	0.664	0	0.32
ENSG00000128915	0.801	0.153846153846154	0.2
ENSG00000116685	0.761	0.115384615384615	0.24
ENSG00000090989	0.788	0.153846153846154	0.2
ENSG00000150760	0.596	0	0.12
ENSG00000132680	0.653	0.115384615384615	0.12
ENSG00000122882	0.601	0.153846153846154	0.08
ENSG00000137168	0.611	0.0384615384615385	0.4
ENSG00000140718	0.647	0.0384615384615385	0.32
ENSG00000158711	0.815	0.230769230769231	0.4
ENSG00000070614	0.693	0.0384615384615385	0.08
ENSG00000153046	0.749	0.307692307692308	0.28
ENSG00000176715	0.609	0.115384615384615	0.12
ENSG00000147421	0.61	0.115384615384615	0.08
ENSG00000075945	0.635	0.230769230769231	0.4
ENSG00000143751	0.583	0.115384615384615	0.08
ENSG00000169251	0.709	0.230769230769231	0.48
ENSG00000135341	0.598	0.153846153846154	0.04
ENSG00000134255	0.485	0.0384615384615385	0.24
ENSG00000148655	0.5	0	0.08
ENSG00000183495	0.644	0.115384615384615	0.2
ENSG00000170871	0.7	0.153846153846154	0.28
ENSG00000132669	0.551	0.0384615384615385	0.04
ENSG00000130449	0.575	0.0384615384615385	0.12
ENSG00000103544	0.517	0.0769230769230769	0.04
ENSG00000146373	0.469	0	0.24
ENSG00000170619	0.57	0.153846153846154	0.28
ENSG00000143190	0.578	0.115384615384615	0.16
ENSG00000141644	0.499	0	0
ENSG00000005100	0.54	0.0384615384615385	0.36
ENSG00000154832	0.438	0.0384615384615385	0.16
ENSG00000126709	0.833	0.269230769230769	0.2
ENSG00000110442	0.553	0.192307692307692	0.04
ENSG00000179051	0.773	0.153846153846154	0.28
ENSG00000113851	0.601	0.269230769230769	0.12
ENSG00000103335	0.687	0.153846153846154	0.52
ENSG00000174227	0.493	0.0384615384615385	0.2
ENSG00000165434	0.574	0.0384615384615385	0.16
ENSG00000114745	0.421	0.0384615384615385	0.04
ENSG00000147457	0.454	0.0384615384615385	0.08
ENSG00000168283	0.58	0.0769230769230769	0.36
ENSG00000146830	0.542	0.115384615384615	0.12
ENSG00000157911	0.434	0	0.08
ENSG00000164885	0.447	0.0769230769230769	0.08
ENSG00000185596	0.409	0.0384615384615385	0.08
ENSG00000165475	0.446	0.0769230769230769	0.08
ENSG00000099821	0.467	0.115384615384615	0.24
ENSG00000136147	0.729	0.192307692307692	0.28
ENSG00000128563	0.471	0.115384615384615	0.16
ENSG00000144840	0.509	0	0.2
ENSG00000139546	0.44	0	0.04
ENSG00000174136	0.395	0	0.24
ENSG00000177030	0.489	0.0384615384615385	0.32
ENSG00000069966	0.573	0.0384615384615385	0
ENSG00000170677	0.438	0	0
ENSG00000183354	0.757	0.269230769230769	0.2
ENSG00000006282	0.41	0	0.08
ENSG00000108039	0.51	0.0384615384615385	0.16
ENSG00000071243	0.451	0.0769230769230769	0.16
ENSG00000196470	0.448	0.153846153846154	0.04
ENSG00000151576	0.521	0	0.28
ENSG00000109065	0.389	0.0384615384615385	0.12
ENSG00000146828	0.539	0.115384615384615	0.08
ENSG00000171298	0.402	0	0.16
ENSG00000137871	0.587	0.192307692307692	0.28
ENSG00000040633	0.552	0	0.32
ENSG00000163684	0.401	0	0.16
ENSG00000125482	0.582	0.115384615384615	0.16
ENSG00000110756	0.429	0.0384615384615385	0.24
ENSG00000185684	0.486	0.115384615384615	0.04
ENSG00000178028	0.462	0	0.2
ENSG00000177868	0.498	0	0.08
ENSG00000007341	0.468	0.0384615384615385	0.16
ENSG00000157895	0.433	0.115384615384615	0.16
ENSG00000151287	0.516	0.0769230769230769	0.08
ENSG00000089916	0.732	0.153846153846154	0.36
ENSG00000109436	0.435	0	0.04
ENSG00000164916	0.441	0.0769230769230769	0.08
ENSG00000161618	0.51	0	0.08
ENSG00000157625	0.371	0.0769230769230769	0
ENSG00000168282	0.516	0.153846153846154	0.52
ENSG00000124201	0.635	0.0769230769230769	0.16
ENSG00000165802	0.418	0.115384615384615	0.16
ENSG00000073969	0.492	0.0384615384615385	0.36
ENSG00000164168	0.409	0.0769230769230769	0.16
ENSG00000071564	0.44	0.0384615384615385	0.2
ENSG00000185504	0.408	0.0384615384615385	0.04
ENSG00000171603	0.656	0.269230769230769	0.32
ENSG00000196295	0.392	0.153846153846154	0.08
ENSG00000166135	0.422	0	0.24
ENSG00000169221	0.476	0.115384615384615	0.2
ENSG00000160746	0.446	0.0384615384615385	0.04
ENSG00000099290	0.484	0.0769230769230769	0.16
ENSG00000235453	0.409	0.0769230769230769	0.08
ENSG00000083844	0.422	0.0384615384615385	0.08
ENSG00000215039	0.303	0	0.2
ENSG00000135457	0.384	0.153846153846154	0.16
ENSG00000109103	0.418	0.115384615384615	0
ENSG00000185753	0.43	0.269230769230769	0.12
ENSG00000140406	0.581	0.0384615384615385	0.16
ENSG00000168286	0.475	0.0769230769230769	0.24
ENSG00000112561	0.394	0.0769230769230769	0
ENSG00000138190	0.618	0.153846153846154	0.04
ENSG00000215305	0.447	0.0769230769230769	0.04
ENSG00000151553	0.45	0.115384615384615	0.2
ENSG00000166272	0.494	0.0769230769230769	0.56
ENSG00000118197	0.427	0.153846153846154	0.12
ENSG00000140521	0.439	0.0769230769230769	0.24
ENSG00000136636	0.393	0.0384615384615385	0.08
ENSG00000175283	0.324	0	0.12
ENSG00000162419	0.406	0.0769230769230769	0.12
ENSG00000168310	0.661	0.153846153846154	0.12
ENSG00000130348	0.345	0.0384615384615385	0.12
ENSG00000108175	0.543	0.0769230769230769	0.2
ENSG00000175595	0.373	0.153846153846154	0.24
ENSG00000104361	0.308	0.0384615384615385	0.08
ENSG00000089486	0.379	0.0769230769230769	0.04
ENSG00000087095	0.313	0	0
ENSG00000100441	0.356	0.0384615384615385	0.08
ENSG00000141503	0.395	0.153846153846154	0.28
ENSG00000145687	0.448	0.0769230769230769	0.36
ENSG00000127666	0.289	0.0384615384615385	0.04
ENSG00000184867	0.418	0	0.36
ENSG00000132394	0.423	0.153846153846154	0.2
ENSG00000138764	0.337	0.0384615384615385	0
ENSG00000113971	0.353	0	0.28
ENSG00000196204	0.391	0.0769230769230769	0.16
ENSG00000196588	0.312	0	0.2
ENSG00000151689	0.359	0	0.2
ENSG00000198026	0.353	0.0769230769230769	0.04
ENSG00000171703	0.422	0.0769230769230769	0.32
ENSG00000103245	0.255	0.0384615384615385	0
ENSG00000275385	0.439	0.0769230769230769	0.32
ENSG00000184402	0.291	0	0.04
ENSG00000101079	0.349	0.0769230769230769	0.2
ENSG00000224531	0.334	0	0.12
ENSG00000184428	0.297	0	0.04
ENSG00000044459	0.397	0	0.16
ENSG00000184640	0.937	0.5	0.44
ENSG00000110851	0.302	0.0384615384615385	0.04
ENSG00000087053	0.399	0.0384615384615385	0.28
ENSG00000157483	0.394	0.153846153846154	0
ENSG00000197818	0.333	0.0769230769230769	0.16
ENSG00000132357	0.354	0	0.16
ENSG00000251474	0.282	0.0384615384615385	0.04
ENSG00000081665	0.402	0.230769230769231	0.2
ENSG00000101974	0.318	0.0384615384615385	0.28
ENSG00000127415	0.249	0	0.12
ENSG00000257093	0.398	0.115384615384615	0.04
ENSG00000105397	0.409	0.0769230769230769	0.2
ENSG00000167280	0.268	0.115384615384615	0.04
ENSG00000140577	0.463	0.153846153846154	0.4
ENSG00000171492	0.29	0	0
ENSG00000196705	0.446	0.115384615384615	0.12
ENSG00000141505	0.207	0.0384615384615385	0
ENSG00000048991	0.467	0.230769230769231	0.24
ENSG00000137075	0.478	0.153846153846154	0.12
ENSG00000172915	0.23	0	0
ENSG00000166526	0.362	0.153846153846154	0.2
ENSG00000185127	0.392	0.153846153846154	0.16
ENSG00000198521	0.373	0.115384615384615	0.12
ENSG00000152133	0.477	0.153846153846154	0.2
ENSG00000164941	0.308	0.0384615384615385	0.04
ENSG00000170949	0.33	0.0769230769230769	0.12
ENSG00000166478	0.352	0.0769230769230769	0.2
ENSG00000051825	0.322	0.153846153846154	0
ENSG00000167565	0.387	0.0384615384615385	0.24
ENSG00000186111	0.337	0.0384615384615385	0.08
ENSG00000123728	0.341	0.0384615384615385	0.16
ENSG00000175895	0.375	0.0769230769230769	0.16
ENSG00000111850	0.265	0.0769230769230769	0.2
ENSG00000105619	0.326	0.0384615384615385	0.08
ENSG00000107263	0.563	0.269230769230769	0.12
ENSG00000119688	0.388	0.0384615384615385	0.2
ENSG00000137936	0.221	0	0.04
ENSG00000160345	0.175	0	0.04
ENSG00000172059	0.317	0.0384615384615385	0.12
ENSG00000159921	0.235	0.0384615384615385	0.04
ENSG00000196782	0.261	0	0
ENSG00000114999	0.35	0.0769230769230769	0.12
ENSG00000137478	0.364	0.0769230769230769	0.04
ENSG00000139436	0.404	0.115384615384615	0.24
ENSG00000152457	0.236	0	0
ENSG00000139625	0.282	0.0384615384615385	0.16
ENSG00000161036	0.288	0.0769230769230769	0.08
ENSG00000132640	0.256	0	0.56
ENSG00000160055	0.227	0	0.12
ENSG00000140403	0.23	0.0769230769230769	0.08
ENSG00000074657	0.26	0.115384615384615	0.2
ENSG00000113504	0.265	0	0.12
ENSG00000130818	0.25	0.0384615384615385	0
ENSG00000091073	0.272	0	0.04
ENSG00000135245	0.224	0	0.12
ENSG00000139323	0.308	0.153846153846154	0.04
ENSG00000106330	0.259	0.0384615384615385	0.2
ENSG00000172530	0.256	0.0769230769230769	0.16
ENSG00000130559	0.298	0.0384615384615385	0.12
ENSG00000130813	0.334	0.192307692307692	0.08
ENSG00000157657	0.226	0	0.12
ENSG00000158186	0.25	0	0.24
ENSG00000176973	0.699	0.307692307692308	0.44
ENSG00000156671	0.296	0.115384615384615	0.08
ENSG00000184014	0.324	0.0384615384615385	0.32
ENSG00000184939	0.237	0.192307692307692	0.08
ENSG00000105519	0.142	0	0
ENSG00000088002	0.175	0	0.04
ENSG00000155085	0.158	0.0769230769230769	0.12
ENSG00000139624	0.283	0.153846153846154	0.32
ENSG00000123684	0.585	0.307692307692308	0.48
ENSG00000213722	0.564	0.384615384615385	0.6
ENSG00000184371	0.346	0.0384615384615385	1.04
ENSG00000139508	0.205	0.0384615384615385	0
ENSG00000167874	0.179	0.0384615384615385	0.12
ENSG00000147650	0.201	0.0384615384615385	0.08
ENSG00000159788	0.198	0	0.08
ENSG00000213316	0.188	0.0384615384615385	0
ENSG00000153767	0.149	0	0.04
ENSG00000197372	0.194	0.0384615384615385	0
ENSG00000285596	0.198	0.0769230769230769	0.08
ENSG00000143458	0.217	0.0769230769230769	0.12
ENSG00000175115	0.379	0.346153846153846	0.08
ENSG00000214944	0.164	0.0384615384615385	0
ENSG00000123810	0.172	0.0384615384615385	0.12
ENSG00000145088	0.144	0	0
ENSG00000152127	0.244	0.0769230769230769	0
ENSG00000085117	0.294	0	0.56
ENSG00000123444	0.133	0.0384615384615385	0
ENSG00000137267	0.394	0.0384615384615385	1
ENSG00000060069	0.232	0.192307692307692	0.16
ENSG00000167380	0.199	0.0384615384615385	0.12
ENSG00000117228	0.349	0.192307692307692	0.56
ENSG00000136720	0.193	0	0.28
ENSG00000155850	0.371	0.115384615384615	0.56
ENSG00000118762	0.186	0	0.44
ENSG00000102780	0.369	0	0.4
ENSG00000154237	0.205	0	0.32
ENSG00000150764	0.176	0.0384615384615385	0.28
ENSG00000129667	0.165	0.0384615384615385	0
ENSG00000162066	0.162	0.0769230769230769	0.08
ENSG00000104856	0.259	0.0769230769230769	0.16
ENSG00000141098	0.184	0.0384615384615385	0.16
ENSG00000164171	0.287	0	0.64
ENSG00000184988	0.185	0.0384615384615385	0.12
ENSG00000125089	0.145	0.0384615384615385	0
ENSG00000103316	0.101	0	0
ENSG00000153814	0.196	0.153846153846154	0.2
ENSG00000118263	0.296	0.115384615384615	0.12
ENSG00000103222	0.195	0	0.12
ENSG00000175538	0.11	0	0
ENSG00000136295	0.128	0	0.12
ENSG00000167766	0.181	0.115384615384615	0.36
ENSG00000096968	0.184	0.153846153846154	0.12
ENSG00000185339	0.174	0	0.04
ENSG00000157045	0.252	0.115384615384615	0.24
ENSG00000237541	0.079	0	0
ENSG00000166920	0.089	0	0
ENSG00000139974	0.154	0.0384615384615385	0.16
ENSG00000149639	0.087	0	0.24
ENSG00000141068	0.086	0	0.08
ENSG00000074964	0.102	0	0.12
ENSG00000099337	0.169	0.0769230769230769	0.12
ENSG00000132470	0.125	0	0
ENSG00000160991	0.254	0.230769230769231	0.36
ENSG00000114698	0.12	0	0.48
ENSG00000229124	0.065	0.0384615384615385	0
ENSG00000186818	0.027	0	0
ENSG00000173442	0.286	0.115384615384615	0.2
ENSG00000121964	0.143	0.115384615384615	0.04
ENSG00000128284	0.104	0	0.4
ENSG00000266714	0.085	0.0769230769230769	0.12
ENSG00000057149	0.032	0	0.04
ENSG00000143382	0.063	0	0.24
ENSG00000161642	0.033	0	0.16
ENSG00000232533	0.114	0.0769230769230769	0.08
ENSG00000171056	0.059	0	0.04
ENSG00000282608	0.003	0	0
ENSG00000148288	0.029	0	0.12
ENSG00000133246	0.013	0	0
ENSG00000109790	0.129	0.0769230769230769	0.28
ENSG00000166130	0.397	0.269230769230769	1.04
ENSG00000010671	0.014	0	0
ENSG00000169860	0.022	0	0.04
ENSG00000171943	0.046	0	0.04
ENSG00000101187	0.065	0	0.08
ENSG00000120156	0.029	0	0
ENSG00000051128	0.053	0	0.44
ENSG00000122986	0.01	0	0
ENSG00000151490	0.004	0	0
ENSG00000128274	0.081	0	0.48
ENSG00000118777	0.004	0.0384615384615385	0
ENSG00000171115	0.03	0	0.04
ENSG00000133106	0.063	0	0.08
ENSG00000095370	0.027	0.0384615384615385	0
ENSG00000104903	0.053	0	0.08
ENSG00000123096	0.011	0	0.48
ENSG00000162444	0.023	0	0
ENSG00000151474	0.09	0	0.12
ENSG00000106034	0.004	0	0.04
ENSG00000136404	0.015	0.115384615384615	0
ENSG00000161544	0.03	0	0.48
ENSG00000183943	0.092	0.115384615384615	0.08
ENSG00000133812	0.096	0.153846153846154	0.16
ENSG00000152804	0.04	0.0384615384615385	0
ENSG00000070190	0.022	0.0384615384615385	0
ENSG00000133687	0.035	0	0.2
ENSG00000071246	0.015	0.0384615384615385	0.08
ENSG00000116678	0.057	0	0.6
ENSG00000161791	0.019	0.0769230769230769	0
ENSG00000122861	0.011	0	0.36
ENSG00000126561	0.12	0.153846153846154	0.2
ENSG00000138172	0.005	0.0384615384615385	0.28
ENSG00000168961	0.11	0.0769230769230769	0.12
ENSG00000108960	0.065	0.153846153846154	0.56
ENSG00000065882	0.199	0.0384615384615385	0.12
ENSG00000137831	0.021	0	0.48
ENSG00000155849	0.011	0.115384615384615	0.04
ENSG00000171940	0.053	0.115384615384615	0.16
ENSG00000139679	0.042	0.153846153846154	0.12
